#args_tuples: [('--dev-perct', '1.0'), ('--lr', '0.00005'), ('--data-aug-nx', '9'), ('--batch-size', '32'), ('--lr-decay', '0.5'), ('--train-perct', '1.0'), ('--num-classes', '5'), ('--train-src', None), ('--input-feed', False), ('--dropout', '0.3'), ('--hidden-size', '20'), ('--max-epoch', '1000'), ('--max-decoding-time-step', '70'), ('--dev-src', None), ('--patience', '15'), ('--beam-size', '5'), ('--uniform-init', '0.1'), ('train', True), ('--valid-niter', '1000'), ('--data-aug-amount', '0.2'), ('--embed-size', '50'), ('--data-aug', 'gaussian'), ('--train-tgt', None), ('MODEL_PATH', None), ('test', False), ('--help', False), ('--clip-grad', '5.0'), ('--seed', '0'), ('--dev-tgt', None), ('--save-to', 'model.bin'), ('--log-every', '50'), ('--sample-size', '5'), ('--max-num-trial', '5'), ('--cuda', True)]
#--dev-perct: 1.0
#--lr: 0.00005
#--data-aug-nx: 9
#--batch-size: 32
#--lr-decay: 0.5
#--train-perct: 1.0
#--num-classes: 5
#--train-src: None
#--input-feed: False
#--dropout: 0.3
#--hidden-size: 20
#--max-epoch: 1000
#--max-decoding-time-step: 70
#--dev-src: None
#--patience: 15
#--beam-size: 5
#--uniform-init: 0.1
#train: True
#--valid-niter: 1000
#--data-aug-amount: 0.2
#--embed-size: 50
#--data-aug: gaussian
#--train-tgt: None
#MODEL_PATH: None
#test: False
#--help: False
#--clip-grad: 5.0
#--seed: 0
#--dev-tgt: None
#--save-to: model.bin
#--log-every: 50
#--sample-size: 5
#--max-num-trial: 5
#--cuda: True
#epoch, train iter, train score
1, 50, 1.62
1, 100, 1.61
1, 150, 1.61
1, 200, 1.61
1, 250, 1.61
1, 300, 1.60
1, 350, 1.59
1, 400, 1.59
1, 450, 1.60
1, 500, 1.59
1, 550, 1.59
1, 600, 1.59
1, 650, 1.58
1, 700, 1.58
1, 750, 1.59
1, 800, 1.57
1, 850, 1.58
1, 900, 1.58
1, 950, 1.59
1, 1000, 1.59
1, 1050, 1.58
1, 1100, 1.57
1, 1150, 1.58
1, 1200, 1.57
1, 1250, 1.57
1, 1300, 1.58
1, 1350, 1.58
1, 1400, 1.57
1, 1450, 1.56
1, 1500, 1.56
1, 1550, 1.57
1, 1600, 1.58
1, 1650, 1.57
1, 1700, 1.58
1, 1750, 1.57
1, 1800, 1.58
1, 1850, 1.57
1, 1900, 1.57
1, 1950, 1.57
1, 2000, 1.57
1, 2050, 1.58
1, 2100, 1.57
1, 2150, 1.57
1, 2200, 1.57
1, 2250, 1.57
1, 2300, 1.57
1, 2350, 1.58
1, 2400, 1.56
1, 2450, 1.56
1, 2500, 1.56
1, 2550, 1.57
1, 2600, 1.57
1, 2650, 1.57
2, 2700, 1.55
2, 2750, 1.55
2, 2800, 1.55
2, 2850, 1.54
2, 2900, 1.54
2, 2950, 1.56
2, 3000, 1.53
2, 3050, 1.54
2, 3100, 1.53
2, 3150, 1.54
2, 3200, 1.54
2, 3250, 1.53
2, 3300, 1.54
2, 3350, 1.54
2, 3400, 1.54
2, 3450, 1.53
2, 3500, 1.55
2, 3550, 1.54
2, 3600, 1.52
2, 3650, 1.54
2, 3700, 1.52
2, 3750, 1.52
2, 3800, 1.53
2, 3850, 1.53
2, 3900, 1.53
2, 3950, 1.52
2, 4000, 1.53
2, 4050, 1.52
2, 4100, 1.53
2, 4150, 1.52
2, 4200, 1.51
2, 4250, 1.53
2, 4300, 1.52
2, 4350, 1.52
2, 4400, 1.52
2, 4450, 1.52
2, 4500, 1.53
2, 4550, 1.52
2, 4600, 1.51
2, 4650, 1.51
2, 4700, 1.53
2, 4750, 1.51
2, 4800, 1.52
2, 4850, 1.51
2, 4900, 1.51
2, 4950, 1.51
2, 5000, 1.51
2, 5050, 1.50
2, 5100, 1.52
2, 5150, 1.50
2, 5200, 1.51
2, 5250, 1.50
2, 5300, 1.51
3, 5350, 1.50
3, 5400, 1.50
3, 5450, 1.49
3, 5500, 1.49
3, 5550, 1.50
3, 5600, 1.49
3, 5650, 1.52
3, 5700, 1.50
3, 5750, 1.51
3, 5800, 1.50
3, 5850, 1.49
3, 5900, 1.50
3, 5950, 1.50
3, 6000, 1.49
3, 6050, 1.50
3, 6100, 1.51
3, 6150, 1.49
3, 6200, 1.50
3, 6250, 1.49
3, 6300, 1.51
3, 6350, 1.50
3, 6400, 1.49
3, 6450, 1.50
3, 6500, 1.51
3, 6550, 1.49
3, 6600, 1.51
3, 6650, 1.50
3, 6700, 1.51
3, 6750, 1.49
3, 6800, 1.50
3, 6850, 1.49
3, 6900, 1.50
3, 6950, 1.50
3, 7000, 1.48
3, 7050, 1.48
3, 7100, 1.49
3, 7150, 1.47
3, 7200, 1.49
3, 7250, 1.49
3, 7300, 1.50
3, 7350, 1.49
3, 7400, 1.51
3, 7450, 1.50
3, 7500, 1.50
3, 7550, 1.47
3, 7600, 1.49
3, 7650, 1.49
3, 7700, 1.49
3, 7750, 1.49
3, 7800, 1.48
3, 7850, 1.49
3, 7900, 1.49
3, 7950, 1.49
3, 8000, 1.49
4, 8050, 1.49
4, 8100, 1.48
4, 8150, 1.49
4, 8200, 1.49
4, 8250, 1.49
4, 8300, 1.49
4, 8350, 1.50
4, 8400, 1.50
4, 8450, 1.48
4, 8500, 1.50
4, 8550, 1.47
4, 8600, 1.49
4, 8650, 1.50
4, 8700, 1.48
4, 8750, 1.49
4, 8800, 1.49
4, 8850, 1.50
4, 8900, 1.48
4, 8950, 1.48
4, 9000, 1.47
4, 9050, 1.49
4, 9100, 1.48
4, 9150, 1.48
4, 9200, 1.49
4, 9250, 1.48
4, 9300, 1.47
4, 9350, 1.50
4, 9400, 1.47
4, 9450, 1.48
4, 9500, 1.46
4, 9550, 1.47
4, 9600, 1.50
4, 9650, 1.46
4, 9700, 1.47
4, 9750, 1.47
4, 9800, 1.49
4, 9850, 1.48
4, 9900, 1.49
4, 9950, 1.50
4, 10000, 1.49
4, 10050, 1.47
4, 10100, 1.47
4, 10150, 1.46
4, 10200, 1.48
4, 10250, 1.47
4, 10300, 1.49
4, 10350, 1.48
4, 10400, 1.48
4, 10450, 1.47
4, 10500, 1.49
4, 10550, 1.46
4, 10600, 1.48
4, 10650, 1.49
5, 10700, 1.48
5, 10750, 1.49
5, 10800, 1.48
5, 10850, 1.50
5, 10900, 1.47
5, 10950, 1.47
5, 11000, 1.48
5, 11050, 1.49
5, 11100, 1.49
5, 11150, 1.46
5, 11200, 1.48
5, 11250, 1.46
5, 11300, 1.48
5, 11350, 1.48
5, 11400, 1.47
5, 11450, 1.49
5, 11500, 1.48
5, 11550, 1.48
5, 11600, 1.47
5, 11650, 1.47
5, 11700, 1.47
5, 11750, 1.45
5, 11800, 1.48
5, 11850, 1.48
5, 11900, 1.47
5, 11950, 1.47
5, 12000, 1.49
5, 12050, 1.46
5, 12100, 1.49
5, 12150, 1.48
5, 12200, 1.47
5, 12250, 1.49
5, 12300, 1.48
5, 12350, 1.49
5, 12400, 1.45
5, 12450, 1.47
5, 12500, 1.48
5, 12550, 1.49
5, 12600, 1.48
5, 12650, 1.46
5, 12700, 1.47
5, 12750, 1.48
5, 12800, 1.47
5, 12850, 1.48
5, 12900, 1.48
5, 12950, 1.47
5, 13000, 1.47
5, 13050, 1.47
5, 13100, 1.48
5, 13150, 1.46
5, 13200, 1.47
5, 13250, 1.45
5, 13300, 1.48
5, 13350, 1.48
6, 13400, 1.46
6, 13450, 1.46
6, 13500, 1.48
6, 13550, 1.47
6, 13600, 1.48
6, 13650, 1.47
6, 13700, 1.46
6, 13750, 1.46
6, 13800, 1.46
6, 13850, 1.48
6, 13900, 1.48
6, 13950, 1.47
6, 14000, 1.45
6, 14050, 1.46
6, 14100, 1.46
6, 14150, 1.47
6, 14200, 1.47
6, 14250, 1.45
6, 14300, 1.46
6, 14350, 1.46
6, 14400, 1.48
6, 14450, 1.48
6, 14500, 1.48
6, 14550, 1.46
6, 14600, 1.49
6, 14650, 1.48
6, 14700, 1.47
6, 14750, 1.48
6, 14800, 1.47
6, 14850, 1.44
6, 14900, 1.47
6, 14950, 1.47
6, 15000, 1.48
6, 15050, 1.47
6, 15100, 1.46
6, 15150, 1.46
6, 15200, 1.46
6, 15250, 1.45
6, 15300, 1.48
6, 15350, 1.46
6, 15400, 1.47
6, 15450, 1.47
6, 15500, 1.47
6, 15550, 1.47
6, 15600, 1.47
6, 15650, 1.48
6, 15700, 1.48
6, 15750, 1.46
6, 15800, 1.47
6, 15850, 1.46
6, 15900, 1.46
6, 15950, 1.47
6, 16000, 1.46
7, 16050, 1.48
7, 16100, 1.46
7, 16150, 1.48
7, 16200, 1.46
7, 16250, 1.48
7, 16300, 1.48
7, 16350, 1.48
7, 16400, 1.46
7, 16450, 1.47
7, 16500, 1.45
7, 16550, 1.45
7, 16600, 1.48
7, 16650, 1.46
7, 16700, 1.46
7, 16750, 1.47
7, 16800, 1.47
7, 16850, 1.48
7, 16900, 1.47
7, 16950, 1.45
7, 17000, 1.47
7, 17050, 1.46
7, 17100, 1.46
7, 17150, 1.46
7, 17200, 1.45
7, 17250, 1.46
7, 17300, 1.45
7, 17350, 1.47
7, 17400, 1.46
7, 17450, 1.45
7, 17500, 1.47
7, 17550, 1.45
7, 17600, 1.45
7, 17650, 1.47
7, 17700, 1.45
7, 17750, 1.48
7, 17800, 1.48
7, 17850, 1.48
7, 17900, 1.46
7, 17950, 1.46
7, 18000, 1.46
7, 18050, 1.45
7, 18100, 1.46
7, 18150, 1.46
7, 18200, 1.46
7, 18250, 1.44
7, 18300, 1.45
7, 18350, 1.46
7, 18400, 1.44
7, 18450, 1.45
7, 18500, 1.47
7, 18550, 1.47
7, 18600, 1.46
7, 18650, 1.46
8, 18700, 1.47
8, 18750, 1.44
8, 18800, 1.45
8, 18850, 1.47
8, 18900, 1.47
8, 18950, 1.46
8, 19000, 1.47
8, 19050, 1.47
8, 19100, 1.47
8, 19150, 1.46
8, 19200, 1.47
8, 19250, 1.44
8, 19300, 1.44
8, 19350, 1.44
8, 19400, 1.44
8, 19450, 1.48
8, 19500, 1.45
8, 19550, 1.47
8, 19600, 1.47
8, 19650, 1.46
8, 19700, 1.46
8, 19750, 1.48
8, 19800, 1.46
8, 19850, 1.46
8, 19900, 1.46
8, 19950, 1.46
8, 20000, 1.44
8, 20050, 1.46
8, 20100, 1.44
8, 20150, 1.46
8, 20200, 1.44
8, 20250, 1.45
8, 20300, 1.47
8, 20350, 1.45
8, 20400, 1.46
8, 20450, 1.47
8, 20500, 1.45
8, 20550, 1.44
8, 20600, 1.43
8, 20650, 1.44
8, 20700, 1.43
8, 20750, 1.45
8, 20800, 1.45
8, 20850, 1.46
8, 20900, 1.45
8, 20950, 1.46
8, 21000, 1.45
8, 21050, 1.47
8, 21100, 1.44
8, 21150, 1.45
8, 21200, 1.46
8, 21250, 1.46
8, 21300, 1.43
8, 21350, 1.46
9, 21400, 1.47
9, 21450, 1.47
9, 21500, 1.47
9, 21550, 1.43
9, 21600, 1.44
9, 21650, 1.46
9, 21700, 1.45
9, 21750, 1.43
9, 21800, 1.45
9, 21850, 1.43
9, 21900, 1.46
9, 21950, 1.45
9, 22000, 1.46
9, 22050, 1.48
9, 22100, 1.46
9, 22150, 1.44
9, 22200, 1.46
9, 22250, 1.44
9, 22300, 1.44
9, 22350, 1.46
9, 22400, 1.43
9, 22450, 1.45
9, 22500, 1.44
9, 22550, 1.45
9, 22600, 1.45
9, 22650, 1.46
9, 22700, 1.45
9, 22750, 1.45
9, 22800, 1.46
9, 22850, 1.46
9, 22900, 1.46
9, 22950, 1.45
9, 23000, 1.45
9, 23050, 1.44
9, 23100, 1.45
9, 23150, 1.45
9, 23200, 1.47
9, 23250, 1.46
9, 23300, 1.46
9, 23350, 1.46
9, 23400, 1.44
9, 23450, 1.44
9, 23500, 1.44
9, 23550, 1.45
9, 23600, 1.45
9, 23650, 1.46
9, 23700, 1.45
9, 23750, 1.46
9, 23800, 1.43
9, 23850, 1.45
9, 23900, 1.45
9, 23950, 1.43
9, 24000, 1.47
10, 24050, 1.47
10, 24100, 1.45
10, 24150, 1.45
10, 24200, 1.46
10, 24250, 1.41
10, 24300, 1.44
10, 24350, 1.43
10, 24400, 1.46
10, 24450, 1.44
10, 24500, 1.46
10, 24550, 1.43
10, 24600, 1.44
10, 24650, 1.46
10, 24700, 1.45
10, 24750, 1.47
10, 24800, 1.44
10, 24850, 1.45
10, 24900, 1.44
10, 24950, 1.46
10, 25000, 1.46
10, 25050, 1.44
10, 25100, 1.43
10, 25150, 1.45
10, 25200, 1.42
10, 25250, 1.45
10, 25300, 1.45
10, 25350, 1.45
10, 25400, 1.45
10, 25450, 1.46
10, 25500, 1.44
10, 25550, 1.43
10, 25600, 1.46
10, 25650, 1.45
10, 25700, 1.46
10, 25750, 1.46
10, 25800, 1.45
10, 25850, 1.46
10, 25900, 1.45
10, 25950, 1.45
10, 26000, 1.45
10, 26050, 1.44
10, 26100, 1.43
10, 26150, 1.45
10, 26200, 1.44
10, 26250, 1.43
10, 26300, 1.44
10, 26350, 1.46
10, 26400, 1.44
10, 26450, 1.47
10, 26500, 1.42
10, 26550, 1.45
10, 26600, 1.45
10, 26650, 1.44
10, 26700, 1.45
11, 26750, 1.45
11, 26800, 1.42
11, 26850, 1.44
11, 26900, 1.46
11, 26950, 1.43
11, 27000, 1.44
11, 27050, 1.45
11, 27100, 1.41
11, 27150, 1.44
11, 27200, 1.45
11, 27250, 1.47
11, 27300, 1.42
11, 27350, 1.45
11, 27400, 1.44
11, 27450, 1.44
11, 27500, 1.43
11, 27550, 1.45
11, 27600, 1.45
11, 27650, 1.43
11, 27700, 1.46
11, 27750, 1.45
11, 27800, 1.44
11, 27850, 1.46
11, 27900, 1.46
11, 27950, 1.43
11, 28000, 1.44
11, 28050, 1.42
11, 28100, 1.46
11, 28150, 1.44
11, 28200, 1.44
11, 28250, 1.46
11, 28300, 1.45
11, 28350, 1.44
11, 28400, 1.46
11, 28450, 1.43
11, 28500, 1.47
11, 28550, 1.44
11, 28600, 1.43
11, 28650, 1.43
11, 28700, 1.44
11, 28750, 1.45
11, 28800, 1.45
11, 28850, 1.44
11, 28900, 1.42
11, 28950, 1.42
11, 29000, 1.44
11, 29050, 1.45
11, 29100, 1.44
11, 29150, 1.44
11, 29200, 1.47
11, 29250, 1.44
11, 29300, 1.43
11, 29350, 1.44
12, 29400, 1.45
12, 29450, 1.44
12, 29500, 1.44
12, 29550, 1.42
12, 29600, 1.45
12, 29650, 1.44
12, 29700, 1.44
12, 29750, 1.41
12, 29800, 1.46
12, 29850, 1.43
12, 29900, 1.46
12, 29950, 1.44
12, 30000, 1.43
12, 30050, 1.43
12, 30100, 1.45
12, 30150, 1.43
12, 30200, 1.43
12, 30250, 1.44
12, 30300, 1.44
12, 30350, 1.44
12, 30400, 1.45
12, 30450, 1.43
12, 30500, 1.43
12, 30550, 1.44
12, 30600, 1.44
12, 30650, 1.43
12, 30700, 1.45
12, 30750, 1.43
12, 30800, 1.41
12, 30850, 1.43
12, 30900, 1.45
12, 30950, 1.42
12, 31000, 1.45
12, 31050, 1.43
12, 31100, 1.45
12, 31150, 1.42
12, 31200, 1.42
12, 31250, 1.44
12, 31300, 1.44
12, 31350, 1.45
12, 31400, 1.42
12, 31450, 1.43
12, 31500, 1.43
12, 31550, 1.43
12, 31600, 1.44
12, 31650, 1.41
12, 31700, 1.47
12, 31750, 1.46
12, 31800, 1.44
12, 31850, 1.43
12, 31900, 1.41
12, 31950, 1.43
12, 32000, 1.44
13, 32050, 1.43
13, 32100, 1.41
13, 32150, 1.41
13, 32200, 1.45
13, 32250, 1.43
13, 32300, 1.44
13, 32350, 1.42
13, 32400, 1.43
13, 32450, 1.44
13, 32500, 1.42
13, 32550, 1.46
13, 32600, 1.42
13, 32650, 1.43
13, 32700, 1.43
13, 32750, 1.42
13, 32800, 1.43
13, 32850, 1.45
13, 32900, 1.44
13, 32950, 1.45
13, 33000, 1.44
13, 33050, 1.43
13, 33100, 1.46
13, 33150, 1.44
13, 33200, 1.43
13, 33250, 1.45
13, 33300, 1.42
13, 33350, 1.44
13, 33400, 1.42
13, 33450, 1.43
13, 33500, 1.44
13, 33550, 1.44
13, 33600, 1.44
13, 33650, 1.42
13, 33700, 1.45
13, 33750, 1.43
13, 33800, 1.44
13, 33850, 1.45
13, 33900, 1.42
13, 33950, 1.43
13, 34000, 1.42
13, 34050, 1.44
13, 34100, 1.43
13, 34150, 1.45
13, 34200, 1.44
13, 34250, 1.42
13, 34300, 1.44
13, 34350, 1.44
13, 34400, 1.41
13, 34450, 1.42
13, 34500, 1.42
13, 34550, 1.41
13, 34600, 1.41
13, 34650, 1.44
13, 34700, 1.42
14, 34750, 1.42
14, 34800, 1.42
14, 34850, 1.44
14, 34900, 1.45
14, 34950, 1.43
14, 35000, 1.38
14, 35050, 1.43
14, 35100, 1.42
14, 35150, 1.41
14, 35200, 1.43
14, 35250, 1.42
14, 35300, 1.41
14, 35350, 1.43
14, 35400, 1.42
14, 35450, 1.45
14, 35500, 1.44
14, 35550, 1.43
14, 35600, 1.45
14, 35650, 1.44
14, 35700, 1.43
14, 35750, 1.41
14, 35800, 1.41
14, 35850, 1.45
14, 35900, 1.42
14, 35950, 1.43
14, 36000, 1.42
14, 36050, 1.41
14, 36100, 1.43
14, 36150, 1.45
14, 36200, 1.44
14, 36250, 1.43
14, 36300, 1.42
14, 36350, 1.42
14, 36400, 1.43
14, 36450, 1.42
14, 36500, 1.45
14, 36550, 1.43
14, 36600, 1.42
14, 36650, 1.42
14, 36700, 1.43
14, 36750, 1.44
14, 36800, 1.43
14, 36850, 1.44
14, 36900, 1.44
14, 36950, 1.42
14, 37000, 1.42
14, 37050, 1.43
14, 37100, 1.42
14, 37150, 1.41
14, 37200, 1.43
14, 37250, 1.44
14, 37300, 1.44
14, 37350, 1.44
15, 37400, 1.40
15, 37450, 1.42
15, 37500, 1.42
15, 37550, 1.43
15, 37600, 1.45
15, 37650, 1.42
15, 37700, 1.43
15, 37750, 1.42
15, 37800, 1.41
15, 37850, 1.42
15, 37900, 1.45
15, 37950, 1.42
15, 38000, 1.42
15, 38050, 1.45
15, 38100, 1.42
15, 38150, 1.41
15, 38200, 1.43
15, 38250, 1.40
15, 38300, 1.44
15, 38350, 1.43
15, 38400, 1.41
15, 38450, 1.42
15, 38500, 1.43
15, 38550, 1.44
15, 38600, 1.42
15, 38650, 1.43
15, 38700, 1.42
15, 38750, 1.44
15, 38800, 1.42
15, 38850, 1.42
15, 38900, 1.43
15, 38950, 1.40
15, 39000, 1.43
15, 39050, 1.40
15, 39100, 1.41
15, 39150, 1.41
15, 39200, 1.40
15, 39250, 1.42
15, 39300, 1.43
15, 39350, 1.43
15, 39400, 1.46
15, 39450, 1.44
15, 39500, 1.42
15, 39550, 1.40
15, 39600, 1.42
15, 39650, 1.43
15, 39700, 1.43
15, 39750, 1.42
15, 39800, 1.42
15, 39850, 1.42
15, 39900, 1.41
15, 39950, 1.42
15, 40000, 1.40
15, 40050, 1.41
16, 40100, 1.43
16, 40150, 1.41
16, 40200, 1.43
16, 40250, 1.41
16, 40300, 1.40
16, 40350, 1.45
16, 40400, 1.43
16, 40450, 1.41
16, 40500, 1.43
16, 40550, 1.44
16, 40600, 1.41
16, 40650, 1.43
16, 40700, 1.42
16, 40750, 1.43
16, 40800, 1.44
16, 40850, 1.43
16, 40900, 1.45
16, 40950, 1.41
16, 41000, 1.41
16, 41050, 1.41
16, 41100, 1.43
16, 41150, 1.41
16, 41200, 1.42
16, 41250, 1.43
16, 41300, 1.39
16, 41350, 1.41
16, 41400, 1.43
16, 41450, 1.43
16, 41500, 1.42
16, 41550, 1.41
16, 41600, 1.41
16, 41650, 1.43
16, 41700, 1.42
16, 41750, 1.44
16, 41800, 1.38
16, 41850, 1.42
16, 41900, 1.40
16, 41950, 1.43
16, 42000, 1.42
16, 42050, 1.40
16, 42100, 1.41
16, 42150, 1.44
16, 42200, 1.43
16, 42250, 1.43
16, 42300, 1.39
16, 42350, 1.43
16, 42400, 1.43
16, 42450, 1.43
16, 42500, 1.43
16, 42550, 1.42
16, 42600, 1.41
16, 42650, 1.42
16, 42700, 1.40
17, 42750, 1.40
17, 42800, 1.43
17, 42850, 1.42
17, 42900, 1.41
17, 42950, 1.41
17, 43000, 1.41
17, 43050, 1.40
17, 43100, 1.42
17, 43150, 1.41
17, 43200, 1.43
17, 43250, 1.43
17, 43300, 1.43
17, 43350, 1.42
17, 43400, 1.43
17, 43450, 1.42
17, 43500, 1.43
17, 43550, 1.41
17, 43600, 1.42
17, 43650, 1.43
17, 43700, 1.42
17, 43750, 1.43
17, 43800, 1.40
17, 43850, 1.42
17, 43900, 1.42
17, 43950, 1.41
17, 44000, 1.43
17, 44050, 1.43
17, 44100, 1.43
17, 44150, 1.41
17, 44200, 1.42
17, 44250, 1.38
17, 44300, 1.42
17, 44350, 1.41
17, 44400, 1.42
17, 44450, 1.41
17, 44500, 1.43
17, 44550, 1.42
17, 44600, 1.40
17, 44650, 1.41
17, 44700, 1.40
17, 44750, 1.42
17, 44800, 1.42
17, 44850, 1.43
17, 44900, 1.43
17, 44950, 1.41
17, 45000, 1.41
17, 45050, 1.42
17, 45100, 1.41
17, 45150, 1.40
17, 45200, 1.40
17, 45250, 1.41
17, 45300, 1.42
17, 45350, 1.41
18, 45400, 1.42
18, 45450, 1.42
18, 45500, 1.41
18, 45550, 1.40
18, 45600, 1.44
18, 45650, 1.43
18, 45700, 1.41
18, 45750, 1.41
18, 45800, 1.43
18, 45850, 1.39
18, 45900, 1.42
18, 45950, 1.43
18, 46000, 1.43
18, 46050, 1.43
18, 46100, 1.41
18, 46150, 1.41
18, 46200, 1.40
18, 46250, 1.40
18, 46300, 1.39
18, 46350, 1.41
18, 46400, 1.44
18, 46450, 1.39
18, 46500, 1.42
18, 46550, 1.43
18, 46600, 1.42
18, 46650, 1.43
18, 46700, 1.43
18, 46750, 1.40
18, 46800, 1.41
18, 46850, 1.41
18, 46900, 1.41
18, 46950, 1.40
18, 47000, 1.44
18, 47050, 1.41
18, 47100, 1.42
18, 47150, 1.43
18, 47200, 1.40
18, 47250, 1.41
18, 47300, 1.42
18, 47350, 1.41
18, 47400, 1.42
18, 47450, 1.42
18, 47500, 1.40
18, 47550, 1.42
18, 47600, 1.40
18, 47650, 1.42
18, 47700, 1.42
18, 47750, 1.40
18, 47800, 1.41
18, 47850, 1.41
18, 47900, 1.43
18, 47950, 1.39
18, 48000, 1.41
18, 48050, 1.41
19, 48100, 1.42
19, 48150, 1.40
19, 48200, 1.40
19, 48250, 1.40
19, 48300, 1.41
19, 48350, 1.40
19, 48400, 1.39
19, 48450, 1.41
19, 48500, 1.41
19, 48550, 1.40
19, 48600, 1.44
19, 48650, 1.40
19, 48700, 1.40
19, 48750, 1.40
19, 48800, 1.42
19, 48850, 1.39
19, 48900, 1.42
19, 48950, 1.43
19, 49000, 1.40
19, 49050, 1.41
19, 49100, 1.42
19, 49150, 1.41
19, 49200, 1.38
19, 49250, 1.44
19, 49300, 1.42
19, 49350, 1.40
19, 49400, 1.40
19, 49450, 1.42
19, 49500, 1.37
19, 49550, 1.43
19, 49600, 1.42
19, 49650, 1.42
19, 49700, 1.41
19, 49750, 1.40
19, 49800, 1.39
19, 49850, 1.41
19, 49900, 1.40
19, 49950, 1.42
19, 50000, 1.41
19, 50050, 1.40
19, 50100, 1.40
19, 50150, 1.40
19, 50200, 1.43
19, 50250, 1.42
19, 50300, 1.42
19, 50350, 1.43
19, 50400, 1.39
19, 50450, 1.42
19, 50500, 1.40
19, 50550, 1.41
19, 50600, 1.39
19, 50650, 1.41
19, 50700, 1.38
20, 50750, 1.40
20, 50800, 1.39
20, 50850, 1.39
20, 50900, 1.40
20, 50950, 1.43
20, 51000, 1.43
20, 51050, 1.42
20, 51100, 1.43
20, 51150, 1.42
20, 51200, 1.40
20, 51250, 1.41
20, 51300, 1.39
20, 51350, 1.42
20, 51400, 1.42
20, 51450, 1.42
20, 51500, 1.40
20, 51550, 1.39
20, 51600, 1.41
20, 51650, 1.40
20, 51700, 1.40
20, 51750, 1.38
20, 51800, 1.43
20, 51850, 1.40
20, 51900, 1.40
20, 51950, 1.44
20, 52000, 1.41
20, 52050, 1.40
20, 52100, 1.40
20, 52150, 1.41
20, 52200, 1.41
20, 52250, 1.42
20, 52300, 1.41
20, 52350, 1.40
20, 52400, 1.41
20, 52450, 1.41
20, 52500, 1.40
20, 52550, 1.41
20, 52600, 1.40
20, 52650, 1.42
20, 52700, 1.43
20, 52750, 1.38
20, 52800, 1.41
20, 52850, 1.40
20, 52900, 1.41
20, 52950, 1.41
20, 53000, 1.39
20, 53050, 1.40
20, 53100, 1.39
20, 53150, 1.41
20, 53200, 1.40
20, 53250, 1.42
20, 53300, 1.38
20, 53350, 1.40
20, 53400, 1.42
21, 53450, 1.41
21, 53500, 1.38
21, 53550, 1.40
21, 53600, 1.38
21, 53650, 1.41
21, 53700, 1.39
21, 53750, 1.41
21, 53800, 1.40
21, 53850, 1.39
21, 53900, 1.39
21, 53950, 1.39
21, 54000, 1.41
21, 54050, 1.40
21, 54100, 1.40
21, 54150, 1.40
21, 54200, 1.42
21, 54250, 1.41
21, 54300, 1.40
21, 54350, 1.37
21, 54400, 1.41
21, 54450, 1.40
21, 54500, 1.39
21, 54550, 1.42
21, 54600, 1.42
21, 54650, 1.41
21, 54700, 1.41
21, 54750, 1.42
21, 54800, 1.39
21, 54850, 1.40
21, 54900, 1.40
21, 54950, 1.39
21, 55000, 1.39
21, 55050, 1.39
21, 55100, 1.41
21, 55150, 1.41
21, 55200, 1.38
21, 55250, 1.41
21, 55300, 1.40
21, 55350, 1.41
21, 55400, 1.41
21, 55450, 1.41
21, 55500, 1.41
21, 55550, 1.39
21, 55600, 1.41
21, 55650, 1.40
21, 55700, 1.40
21, 55750, 1.40
21, 55800, 1.40
21, 55850, 1.39
21, 55900, 1.40
21, 55950, 1.40
21, 56000, 1.38
21, 56050, 1.42
22, 56100, 1.40
22, 56150, 1.37
22, 56200, 1.40
22, 56250, 1.38
22, 56300, 1.41
22, 56350, 1.41
22, 56400, 1.40
22, 56450, 1.40
22, 56500, 1.41
22, 56550, 1.42
22, 56600, 1.41
22, 56650, 1.39
22, 56700, 1.40
22, 56750, 1.43
22, 56800, 1.39
22, 56850, 1.40
22, 56900, 1.39
22, 56950, 1.39
22, 57000, 1.40
22, 57050, 1.42
22, 57100, 1.39
22, 57150, 1.40
22, 57200, 1.40
22, 57250, 1.41
22, 57300, 1.40
22, 57350, 1.39
22, 57400, 1.41
22, 57450, 1.41
22, 57500, 1.39
22, 57550, 1.40
22, 57600, 1.42
22, 57650, 1.41
22, 57700, 1.40
22, 57750, 1.39
22, 57800, 1.39
22, 57850, 1.38
22, 57900, 1.40
22, 57950, 1.40
22, 58000, 1.40
22, 58050, 1.41
22, 58100, 1.40
22, 58150, 1.40
22, 58200, 1.38
22, 58250, 1.41
22, 58300, 1.42
22, 58350, 1.40
22, 58400, 1.40
22, 58450, 1.39
22, 58500, 1.38
22, 58550, 1.40
22, 58600, 1.40
22, 58650, 1.38
22, 58700, 1.39
23, 58750, 1.40
23, 58800, 1.41
23, 58850, 1.39
23, 58900, 1.40
23, 58950, 1.40
23, 59000, 1.42
23, 59050, 1.38
23, 59100, 1.41
23, 59150, 1.41
23, 59200, 1.40
23, 59250, 1.41
23, 59300, 1.37
23, 59350, 1.40
23, 59400, 1.38
23, 59450, 1.40
23, 59500, 1.41
23, 59550, 1.37
23, 59600, 1.39
23, 59650, 1.40
23, 59700, 1.38
23, 59750, 1.37
23, 59800, 1.41
23, 59850, 1.42
23, 59900, 1.41
23, 59950, 1.42
23, 60000, 1.42
23, 60050, 1.38
23, 60100, 1.40
23, 60150, 1.42
23, 60200, 1.38
23, 60250, 1.38
23, 60300, 1.38
23, 60350, 1.40
23, 60400, 1.40
23, 60450, 1.42
23, 60500, 1.39
23, 60550, 1.41
23, 60600, 1.40
23, 60650, 1.39
23, 60700, 1.41
23, 60750, 1.39
23, 60800, 1.40
23, 60850, 1.38
23, 60900, 1.41
23, 60950, 1.37
23, 61000, 1.39
23, 61050, 1.40
23, 61100, 1.40
23, 61150, 1.41
23, 61200, 1.40
23, 61250, 1.39
23, 61300, 1.38
23, 61350, 1.37
23, 61400, 1.38
24, 61450, 1.39
24, 61500, 1.40
24, 61550, 1.38
24, 61600, 1.37
24, 61650, 1.40
24, 61700, 1.39
24, 61750, 1.39
24, 61800, 1.40
24, 61850, 1.39
24, 61900, 1.40
24, 61950, 1.40
24, 62000, 1.40
24, 62050, 1.39
24, 62100, 1.38
24, 62150, 1.37
24, 62200, 1.39
24, 62250, 1.38
24, 62300, 1.38
24, 62350, 1.39
24, 62400, 1.38
24, 62450, 1.40
24, 62500, 1.39
24, 62550, 1.40
24, 62600, 1.40
24, 62650, 1.37
24, 62700, 1.41
24, 62750, 1.39
24, 62800, 1.38
24, 62850, 1.40
24, 62900, 1.41
24, 62950, 1.40
24, 63000, 1.39
24, 63050, 1.39
24, 63100, 1.39
24, 63150, 1.40
24, 63200, 1.39
24, 63250, 1.40
24, 63300, 1.38
24, 63350, 1.40
24, 63400, 1.39
24, 63450, 1.38
24, 63500, 1.41
24, 63550, 1.39
24, 63600, 1.41
24, 63650, 1.39
24, 63700, 1.40
24, 63750, 1.38
24, 63800, 1.37
24, 63850, 1.39
24, 63900, 1.41
24, 63950, 1.39
24, 64000, 1.39
24, 64050, 1.39
25, 64100, 1.38
25, 64150, 1.38
25, 64200, 1.40
25, 64250, 1.39
25, 64300, 1.39
25, 64350, 1.40
25, 64400, 1.40
25, 64450, 1.37
25, 64500, 1.38
25, 64550, 1.39
25, 64600, 1.38
25, 64650, 1.43
25, 64700, 1.38
25, 64750, 1.37
25, 64800, 1.39
25, 64850, 1.38
25, 64900, 1.38
25, 64950, 1.38
25, 65000, 1.38
25, 65050, 1.39
25, 65100, 1.40
25, 65150, 1.42
25, 65200, 1.38
25, 65250, 1.40
25, 65300, 1.38
25, 65350, 1.38
25, 65400, 1.40
25, 65450, 1.39
25, 65500, 1.40
25, 65550, 1.39
25, 65600, 1.39
25, 65650, 1.39
25, 65700, 1.40
25, 65750, 1.39
25, 65800, 1.35
25, 65850, 1.40
25, 65900, 1.39
25, 65950, 1.39
25, 66000, 1.40
25, 66050, 1.38
25, 66100, 1.39
25, 66150, 1.38
25, 66200, 1.40
25, 66250, 1.37
25, 66300, 1.40
25, 66350, 1.37
25, 66400, 1.39
25, 66450, 1.39
25, 66500, 1.36
25, 66550, 1.40
25, 66600, 1.40
25, 66650, 1.39
25, 66700, 1.36
25, 66750, 1.38
26, 66800, 1.40
26, 66850, 1.37
26, 66900, 1.37
26, 66950, 1.39
26, 67000, 1.40
26, 67050, 1.39
26, 67100, 1.40
26, 67150, 1.39
26, 67200, 1.37
26, 67250, 1.37
26, 67300, 1.41
26, 67350, 1.39
26, 67400, 1.42
26, 67450, 1.39
26, 67500, 1.39
26, 67550, 1.39
26, 67600, 1.37
26, 67650, 1.39
26, 67700, 1.38
26, 67750, 1.38
26, 67800, 1.38
26, 67850, 1.39
26, 67900, 1.39
26, 67950, 1.39
26, 68000, 1.40
26, 68050, 1.40
26, 68100, 1.38
26, 68150, 1.38
26, 68200, 1.40
26, 68250, 1.36
26, 68300, 1.38
26, 68350, 1.39
26, 68400, 1.40
26, 68450, 1.39
26, 68500, 1.38
26, 68550, 1.38
26, 68600, 1.40
26, 68650, 1.40
26, 68700, 1.35
26, 68750, 1.39
26, 68800, 1.37
26, 68850, 1.40
26, 68900, 1.38
26, 68950, 1.38
26, 69000, 1.41
26, 69050, 1.41
26, 69100, 1.38
26, 69150, 1.36
26, 69200, 1.38
26, 69250, 1.37
26, 69300, 1.38
26, 69350, 1.38
26, 69400, 1.40
27, 69450, 1.38
27, 69500, 1.36
27, 69550, 1.38
27, 69600, 1.40
27, 69650, 1.37
27, 69700, 1.37
27, 69750, 1.37
27, 69800, 1.37
27, 69850, 1.39
27, 69900, 1.40
27, 69950, 1.38
27, 70000, 1.37
27, 70050, 1.40
27, 70100, 1.39
27, 70150, 1.37
27, 70200, 1.39
27, 70250, 1.36
27, 70300, 1.40
27, 70350, 1.38
27, 70400, 1.38
27, 70450, 1.36
27, 70500, 1.36
27, 70550, 1.40
27, 70600, 1.39
27, 70650, 1.40
27, 70700, 1.39
27, 70750, 1.36
27, 70800, 1.39
27, 70850, 1.39
27, 70900, 1.37
27, 70950, 1.38
27, 71000, 1.39
27, 71050, 1.39
27, 71100, 1.40
27, 71150, 1.40
27, 71200, 1.37
27, 71250, 1.39
27, 71300, 1.38
27, 71350, 1.37
27, 71400, 1.40
27, 71450, 1.38
27, 71500, 1.39
27, 71550, 1.39
27, 71600, 1.39
27, 71650, 1.40
27, 71700, 1.39
27, 71750, 1.39
27, 71800, 1.37
27, 71850, 1.38
27, 71900, 1.39
27, 71950, 1.39
27, 72000, 1.38
27, 72050, 1.40
28, 72100, 1.38
28, 72150, 1.39
28, 72200, 1.39
28, 72250, 1.40
28, 72300, 1.39
28, 72350, 1.42
28, 72400, 1.39
28, 72450, 1.39
28, 72500, 1.38
28, 72550, 1.38
28, 72600, 1.39
28, 72650, 1.36
28, 72700, 1.38
28, 72750, 1.38
28, 72800, 1.38
28, 72850, 1.38
28, 72900, 1.37
28, 72950, 1.40
28, 73000, 1.36
28, 73050, 1.38
28, 73100, 1.37
28, 73150, 1.37
28, 73200, 1.41
28, 73250, 1.38
28, 73300, 1.38
28, 73350, 1.38
28, 73400, 1.36
28, 73450, 1.38
28, 73500, 1.36
28, 73550, 1.37
28, 73600, 1.35
28, 73650, 1.39
28, 73700, 1.38
28, 73750, 1.38
28, 73800, 1.38
28, 73850, 1.39
28, 73900, 1.39
28, 73950, 1.42
28, 74000, 1.37
28, 74050, 1.38
28, 74100, 1.37
28, 74150, 1.36
28, 74200, 1.37
28, 74250, 1.40
28, 74300, 1.39
28, 74350, 1.36
28, 74400, 1.39
28, 74450, 1.38
28, 74500, 1.40
28, 74550, 1.38
28, 74600, 1.38
28, 74650, 1.39
28, 74700, 1.34
28, 74750, 1.36
29, 74800, 1.37
29, 74850, 1.38
29, 74900, 1.37
29, 74950, 1.37
29, 75000, 1.39
29, 75050, 1.34
29, 75100, 1.38
29, 75150, 1.37
29, 75200, 1.37
29, 75250, 1.40
29, 75300, 1.38
29, 75350, 1.38
29, 75400, 1.39
29, 75450, 1.36
29, 75500, 1.38
29, 75550, 1.40
29, 75600, 1.39
29, 75650, 1.35
29, 75700, 1.37
29, 75750, 1.36
29, 75800, 1.36
29, 75850, 1.38
29, 75900, 1.38
29, 75950, 1.36
29, 76000, 1.38
29, 76050, 1.37
29, 76100, 1.36
29, 76150, 1.35
29, 76200, 1.37
29, 76250, 1.38
29, 76300, 1.35
29, 76350, 1.40
29, 76400, 1.37
29, 76450, 1.38
29, 76500, 1.34
29, 76550, 1.36
29, 76600, 1.37
29, 76650, 1.39
29, 76700, 1.36
29, 76750, 1.36
29, 76800, 1.38
29, 76850, 1.40
29, 76900, 1.37
29, 76950, 1.35
29, 77000, 1.38
29, 77050, 1.36
29, 77100, 1.35
29, 77150, 1.37
29, 77200, 1.38
29, 77250, 1.37
29, 77300, 1.39
29, 77350, 1.37
29, 77400, 1.37
30, 77450, 1.37
30, 77500, 1.37
30, 77550, 1.38
30, 77600, 1.37
30, 77650, 1.35
30, 77700, 1.38
30, 77750, 1.38
30, 77800, 1.36
30, 77850, 1.37
30, 77900, 1.37
30, 77950, 1.38
30, 78000, 1.36
30, 78050, 1.36
30, 78100, 1.36
30, 78150, 1.38
30, 78200, 1.38
30, 78250, 1.36
30, 78300, 1.38
30, 78350, 1.36
30, 78400, 1.37
30, 78450, 1.38
30, 78500, 1.38
30, 78550, 1.36
30, 78600, 1.35
30, 78650, 1.39
30, 78700, 1.38
30, 78750, 1.40
30, 78800, 1.38
30, 78850, 1.37
30, 78900, 1.35
30, 78950, 1.39
30, 79000, 1.36
30, 79050, 1.38
30, 79100, 1.36
30, 79150, 1.36
30, 79200, 1.38
30, 79250, 1.36
30, 79300, 1.36
30, 79350, 1.36
30, 79400, 1.37
30, 79450, 1.36
30, 79500, 1.36
30, 79550, 1.37
30, 79600, 1.39
30, 79650, 1.40
30, 79700, 1.38
30, 79750, 1.39
30, 79800, 1.37
30, 79850, 1.38
30, 79900, 1.38
30, 79950, 1.40
30, 80000, 1.37
30, 80050, 1.35
30, 80100, 1.36
31, 80150, 1.36
31, 80200, 1.36
31, 80250, 1.35
31, 80300, 1.38
31, 80350, 1.38
31, 80400, 1.36
31, 80450, 1.37
31, 80500, 1.37
31, 80550, 1.37
31, 80600, 1.36
31, 80650, 1.39
31, 80700, 1.35
31, 80750, 1.39
31, 80800, 1.35
31, 80850, 1.37
31, 80900, 1.38
31, 80950, 1.36
31, 81000, 1.36
31, 81050, 1.37
31, 81100, 1.37
31, 81150, 1.38
31, 81200, 1.37
31, 81250, 1.38
31, 81300, 1.37
31, 81350, 1.35
31, 81400, 1.40
31, 81450, 1.38
31, 81500, 1.37
31, 81550, 1.39
31, 81600, 1.36
31, 81650, 1.35
31, 81700, 1.36
31, 81750, 1.36
31, 81800, 1.38
31, 81850, 1.36
31, 81900, 1.36
31, 81950, 1.32
31, 82000, 1.36
31, 82050, 1.37
31, 82100, 1.37
31, 82150, 1.36
31, 82200, 1.35
31, 82250, 1.36
31, 82300, 1.38
31, 82350, 1.36
31, 82400, 1.35
31, 82450, 1.37
31, 82500, 1.38
31, 82550, 1.38
31, 82600, 1.38
31, 82650, 1.37
31, 82700, 1.38
31, 82750, 1.37
32, 82800, 1.37
32, 82850, 1.38
32, 82900, 1.38
32, 82950, 1.36
32, 83000, 1.37
32, 83050, 1.38
32, 83100, 1.37
32, 83150, 1.39
32, 83200, 1.38
32, 83250, 1.35
32, 83300, 1.36
32, 83350, 1.37
32, 83400, 1.36
32, 83450, 1.39
32, 83500, 1.36
32, 83550, 1.31
32, 83600, 1.36
32, 83650, 1.36
32, 83700, 1.35
32, 83750, 1.36
32, 83800, 1.36
32, 83850, 1.37
32, 83900, 1.36
32, 83950, 1.35
32, 84000, 1.35
32, 84050, 1.36
32, 84100, 1.35
32, 84150, 1.35
32, 84200, 1.37
32, 84250, 1.36
32, 84300, 1.33
32, 84350, 1.37
32, 84400, 1.37
32, 84450, 1.35
32, 84500, 1.37
32, 84550, 1.39
32, 84600, 1.39
32, 84650, 1.36
32, 84700, 1.36
32, 84750, 1.36
32, 84800, 1.35
32, 84850, 1.37
32, 84900, 1.34
32, 84950, 1.36
32, 85000, 1.33
32, 85050, 1.36
32, 85100, 1.38
32, 85150, 1.34
32, 85200, 1.37
32, 85250, 1.37
32, 85300, 1.35
32, 85350, 1.37
32, 85400, 1.37
33, 85450, 1.37
33, 85500, 1.36
33, 85550, 1.35
33, 85600, 1.36
33, 85650, 1.37
33, 85700, 1.37
33, 85750, 1.35
33, 85800, 1.34
33, 85850, 1.36
33, 85900, 1.36
33, 85950, 1.38
33, 86000, 1.37
33, 86050, 1.33
33, 86100, 1.36
33, 86150, 1.37
33, 86200, 1.35
33, 86250, 1.38
33, 86300, 1.37
33, 86350, 1.35
33, 86400, 1.38
33, 86450, 1.36
33, 86500, 1.35
33, 86550, 1.37
33, 86600, 1.35
33, 86650, 1.36
33, 86700, 1.34
33, 86750, 1.36
33, 86800, 1.36
33, 86850, 1.38
33, 86900, 1.36
33, 86950, 1.36
33, 87000, 1.36
33, 87050, 1.37
33, 87100, 1.36
33, 87150, 1.36
33, 87200, 1.37
33, 87250, 1.36
33, 87300, 1.37
33, 87350, 1.34
33, 87400, 1.34
33, 87450, 1.36
33, 87500, 1.32
33, 87550, 1.36
33, 87600, 1.38
33, 87650, 1.37
33, 87700, 1.34
33, 87750, 1.36
33, 87800, 1.34
33, 87850, 1.35
33, 87900, 1.38
33, 87950, 1.37
33, 88000, 1.33
33, 88050, 1.38
33, 88100, 1.36
34, 88150, 1.33
34, 88200, 1.31
34, 88250, 1.35
34, 88300, 1.34
34, 88350, 1.35
34, 88400, 1.36
34, 88450, 1.35
34, 88500, 1.35
34, 88550, 1.35
34, 88600, 1.36
34, 88650, 1.37
34, 88700, 1.34
34, 88750, 1.34
34, 88800, 1.35
34, 88850, 1.35
34, 88900, 1.37
34, 88950, 1.35
34, 89000, 1.36
34, 89050, 1.36
34, 89100, 1.37
34, 89150, 1.35
34, 89200, 1.37
34, 89250, 1.36
34, 89300, 1.37
34, 89350, 1.37
34, 89400, 1.37
34, 89450, 1.36
34, 89500, 1.38
34, 89550, 1.36
34, 89600, 1.34
34, 89650, 1.36
34, 89700, 1.37
34, 89750, 1.37
34, 89800, 1.35
34, 89850, 1.36
34, 89900, 1.34
34, 89950, 1.38
34, 90000, 1.37
34, 90050, 1.36
34, 90100, 1.36
34, 90150, 1.37
34, 90200, 1.36
34, 90250, 1.36
34, 90300, 1.38
34, 90350, 1.36
34, 90400, 1.35
34, 90450, 1.37
34, 90500, 1.33
34, 90550, 1.36
34, 90600, 1.34
34, 90650, 1.37
34, 90700, 1.36
34, 90750, 1.37
35, 90800, 1.34
35, 90850, 1.35
35, 90900, 1.35
35, 90950, 1.34
35, 91000, 1.37
35, 91050, 1.37
35, 91100, 1.38
35, 91150, 1.39
35, 91200, 1.33
35, 91250, 1.36
35, 91300, 1.36
35, 91350, 1.34
35, 91400, 1.37
35, 91450, 1.35
35, 91500, 1.36
35, 91550, 1.34
35, 91600, 1.36
35, 91650, 1.34
35, 91700, 1.35
35, 91750, 1.37
35, 91800, 1.33
35, 91850, 1.32
35, 91900, 1.35
35, 91950, 1.39
35, 92000, 1.36
35, 92050, 1.32
35, 92100, 1.36
35, 92150, 1.35
35, 92200, 1.36
35, 92250, 1.32
35, 92300, 1.36
35, 92350, 1.36
35, 92400, 1.35
35, 92450, 1.37
35, 92500, 1.34
35, 92550, 1.35
35, 92600, 1.36
35, 92650, 1.37
35, 92700, 1.34
35, 92750, 1.35
35, 92800, 1.35
35, 92850, 1.35
35, 92900, 1.32
35, 92950, 1.34
35, 93000, 1.36
35, 93050, 1.36
35, 93100, 1.37
35, 93150, 1.36
35, 93200, 1.36
35, 93250, 1.33
35, 93300, 1.37
35, 93350, 1.34
35, 93400, 1.37
35, 93450, 1.37
36, 93500, 1.36
36, 93550, 1.37
36, 93600, 1.32
36, 93650, 1.36
36, 93700, 1.36
36, 93750, 1.35
36, 93800, 1.35
36, 93850, 1.36
36, 93900, 1.31
36, 93950, 1.36
36, 94000, 1.35
36, 94050, 1.37
36, 94100, 1.34
36, 94150, 1.35
36, 94200, 1.37
36, 94250, 1.33
36, 94300, 1.35
36, 94350, 1.38
36, 94400, 1.37
36, 94450, 1.36
36, 94500, 1.35
36, 94550, 1.37
36, 94600, 1.32
36, 94650, 1.35
36, 94700, 1.35
36, 94750, 1.34
36, 94800, 1.34
36, 94850, 1.34
36, 94900, 1.34
36, 94950, 1.34
36, 95000, 1.36
36, 95050, 1.38
36, 95100, 1.35
36, 95150, 1.36
36, 95200, 1.34
36, 95250, 1.32
36, 95300, 1.39
36, 95350, 1.37
36, 95400, 1.35
36, 95450, 1.36
36, 95500, 1.32
36, 95550, 1.35
36, 95600, 1.35
36, 95650, 1.36
36, 95700, 1.37
36, 95750, 1.37
36, 95800, 1.35
36, 95850, 1.36
36, 95900, 1.37
36, 95950, 1.35
36, 96000, 1.34
36, 96050, 1.37
36, 96100, 1.35
37, 96150, 1.33
37, 96200, 1.36
37, 96250, 1.36
37, 96300, 1.35
37, 96350, 1.35
37, 96400, 1.34
37, 96450, 1.36
37, 96500, 1.36
37, 96550, 1.35
37, 96600, 1.36
37, 96650, 1.34
37, 96700, 1.35
37, 96750, 1.34
37, 96800, 1.36
37, 96850, 1.35
37, 96900, 1.35
37, 96950, 1.33
37, 97000, 1.34
37, 97050, 1.34
37, 97100, 1.34
37, 97150, 1.37
37, 97200, 1.36
37, 97250, 1.34
37, 97300, 1.35
37, 97350, 1.32
37, 97400, 1.34
37, 97450, 1.32
37, 97500, 1.35
37, 97550, 1.36
37, 97600, 1.38
37, 97650, 1.35
37, 97700, 1.37
37, 97750, 1.35
37, 97800, 1.36
37, 97850, 1.33
37, 97900, 1.35
37, 97950, 1.35
37, 98000, 1.37
37, 98050, 1.33
37, 98100, 1.32
37, 98150, 1.33
37, 98200, 1.34
37, 98250, 1.34
37, 98300, 1.35
37, 98350, 1.37
37, 98400, 1.34
37, 98450, 1.35
37, 98500, 1.35
37, 98550, 1.36
37, 98600, 1.33
37, 98650, 1.37
37, 98700, 1.36
37, 98750, 1.32
38, 98800, 1.35
38, 98850, 1.37
38, 98900, 1.34
38, 98950, 1.34
38, 99000, 1.36
38, 99050, 1.35
38, 99100, 1.37
38, 99150, 1.33
38, 99200, 1.32
38, 99250, 1.36
38, 99300, 1.33
38, 99350, 1.35
38, 99400, 1.35
38, 99450, 1.36
38, 99500, 1.36
38, 99550, 1.33
38, 99600, 1.34
38, 99650, 1.34
38, 99700, 1.37
38, 99750, 1.32
38, 99800, 1.33
38, 99850, 1.36
38, 99900, 1.34
38, 99950, 1.36
38, 100000, 1.36
38, 100050, 1.35
38, 100100, 1.34
38, 100150, 1.36
38, 100200, 1.33
38, 100250, 1.32
38, 100300, 1.32
38, 100350, 1.34
38, 100400, 1.34
38, 100450, 1.37
38, 100500, 1.33
38, 100550, 1.34
38, 100600, 1.32
38, 100650, 1.35
38, 100700, 1.36
38, 100750, 1.33
38, 100800, 1.35
38, 100850, 1.33
38, 100900, 1.33
38, 100950, 1.34
38, 101000, 1.33
38, 101050, 1.37
38, 101100, 1.35
38, 101150, 1.35
38, 101200, 1.34
38, 101250, 1.34
38, 101300, 1.37
38, 101350, 1.35
38, 101400, 1.33
38, 101450, 1.34
39, 101500, 1.35
39, 101550, 1.37
39, 101600, 1.35
39, 101650, 1.36
39, 101700, 1.35
39, 101750, 1.35
39, 101800, 1.32
39, 101850, 1.31
39, 101900, 1.34
39, 101950, 1.34
39, 102000, 1.33
39, 102050, 1.34
39, 102100, 1.34
39, 102150, 1.34
39, 102200, 1.34
39, 102250, 1.34
39, 102300, 1.34
39, 102350, 1.35
39, 102400, 1.38
39, 102450, 1.32
39, 102500, 1.33
39, 102550, 1.35
39, 102600, 1.34
39, 102650, 1.33
39, 102700, 1.35
39, 102750, 1.34
39, 102800, 1.35
39, 102850, 1.34
39, 102900, 1.34
39, 102950, 1.32
39, 103000, 1.37
39, 103050, 1.35
39, 103100, 1.33
39, 103150, 1.33
39, 103200, 1.36
39, 103250, 1.35
39, 103300, 1.32
39, 103350, 1.31
39, 103400, 1.36
39, 103450, 1.31
39, 103500, 1.36
39, 103550, 1.33
39, 103600, 1.34
39, 103650, 1.34
39, 103700, 1.34
39, 103750, 1.32
39, 103800, 1.36
39, 103850, 1.36
39, 103900, 1.32
39, 103950, 1.35
39, 104000, 1.35
39, 104050, 1.35
39, 104100, 1.33
40, 104150, 1.32
40, 104200, 1.35
40, 104250, 1.34
40, 104300, 1.33
40, 104350, 1.32
40, 104400, 1.33
40, 104450, 1.33
40, 104500, 1.35
40, 104550, 1.34
40, 104600, 1.34
40, 104650, 1.36
40, 104700, 1.33
40, 104750, 1.35
40, 104800, 1.31
40, 104850, 1.36
40, 104900, 1.31
40, 104950, 1.33
40, 105000, 1.35
40, 105050, 1.33
40, 105100, 1.34
40, 105150, 1.33
40, 105200, 1.33
40, 105250, 1.35
40, 105300, 1.36
40, 105350, 1.31
40, 105400, 1.31
40, 105450, 1.34
40, 105500, 1.31
40, 105550, 1.32
40, 105600, 1.34
40, 105650, 1.33
40, 105700, 1.34
40, 105750, 1.36
40, 105800, 1.34
40, 105850, 1.35
40, 105900, 1.35
40, 105950, 1.30
40, 106000, 1.32
40, 106050, 1.36
40, 106100, 1.33
40, 106150, 1.34
40, 106200, 1.33
40, 106250, 1.34
40, 106300, 1.35
40, 106350, 1.36
40, 106400, 1.32
40, 106450, 1.34
40, 106500, 1.34
40, 106550, 1.34
40, 106600, 1.35
40, 106650, 1.35
40, 106700, 1.34
40, 106750, 1.34
40, 106800, 1.35
41, 106850, 1.32
41, 106900, 1.33
41, 106950, 1.32
41, 107000, 1.33
41, 107050, 1.33
41, 107100, 1.34
41, 107150, 1.35
41, 107200, 1.34
41, 107250, 1.33
41, 107300, 1.31
41, 107350, 1.33
41, 107400, 1.32
41, 107450, 1.34
41, 107500, 1.33
41, 107550, 1.37
41, 107600, 1.33
41, 107650, 1.32
41, 107700, 1.33
41, 107750, 1.35
41, 107800, 1.36
41, 107850, 1.34
41, 107900, 1.33
41, 107950, 1.34
41, 108000, 1.35
41, 108050, 1.34
41, 108100, 1.34
41, 108150, 1.34
41, 108200, 1.35
41, 108250, 1.32
41, 108300, 1.35
41, 108350, 1.33
41, 108400, 1.34
41, 108450, 1.36
41, 108500, 1.34
41, 108550, 1.33
41, 108600, 1.36
41, 108650, 1.35
41, 108700, 1.34
41, 108750, 1.32
41, 108800, 1.34
41, 108850, 1.32
41, 108900, 1.31
41, 108950, 1.33
41, 109000, 1.33
41, 109050, 1.33
41, 109100, 1.33
41, 109150, 1.33
41, 109200, 1.36
41, 109250, 1.35
41, 109300, 1.31
41, 109350, 1.35
41, 109400, 1.31
41, 109450, 1.33
42, 109500, 1.32
42, 109550, 1.34
42, 109600, 1.33
42, 109650, 1.32
42, 109700, 1.31
42, 109750, 1.35
42, 109800, 1.32
42, 109850, 1.35
42, 109900, 1.32
42, 109950, 1.34
42, 110000, 1.32
42, 110050, 1.32
42, 110100, 1.33
42, 110150, 1.33
42, 110200, 1.32
42, 110250, 1.33
42, 110300, 1.33
42, 110350, 1.33
42, 110400, 1.33
42, 110450, 1.33
42, 110500, 1.30
42, 110550, 1.30
42, 110600, 1.37
42, 110650, 1.33
42, 110700, 1.31
42, 110750, 1.32
42, 110800, 1.33
42, 110850, 1.33
42, 110900, 1.35
42, 110950, 1.32
42, 111000, 1.34
42, 111050, 1.34
42, 111100, 1.33
42, 111150, 1.32
42, 111200, 1.32
42, 111250, 1.34
42, 111300, 1.33
42, 111350, 1.32
42, 111400, 1.35
42, 111450, 1.34
42, 111500, 1.35
42, 111550, 1.33
42, 111600, 1.34
42, 111650, 1.33
42, 111700, 1.35
42, 111750, 1.35
42, 111800, 1.33
42, 111850, 1.31
42, 111900, 1.34
42, 111950, 1.34
42, 112000, 1.34
42, 112050, 1.34
42, 112100, 1.33
43, 112150, 1.34
43, 112200, 1.32
43, 112250, 1.35
43, 112300, 1.31
43, 112350, 1.38
43, 112400, 1.34
43, 112450, 1.32
43, 112500, 1.31
43, 112550, 1.32
43, 112600, 1.33
43, 112650, 1.32
43, 112700, 1.33
43, 112750, 1.31
43, 112800, 1.32
43, 112850, 1.35
43, 112900, 1.33
43, 112950, 1.33
43, 113000, 1.34
43, 113050, 1.32
43, 113100, 1.32
43, 113150, 1.30
43, 113200, 1.35
43, 113250, 1.34
43, 113300, 1.33
43, 113350, 1.34
43, 113400, 1.33
43, 113450, 1.34
43, 113500, 1.30
43, 113550, 1.35
43, 113600, 1.34
43, 113650, 1.32
43, 113700, 1.33
43, 113750, 1.31
43, 113800, 1.31
43, 113850, 1.32
43, 113900, 1.31
43, 113950, 1.32
43, 114000, 1.33
43, 114050, 1.34
43, 114100, 1.33
43, 114150, 1.31
43, 114200, 1.33
43, 114250, 1.35
43, 114300, 1.33
43, 114350, 1.32
43, 114400, 1.34
43, 114450, 1.33
43, 114500, 1.34
43, 114550, 1.35
43, 114600, 1.33
43, 114650, 1.36
43, 114700, 1.34
43, 114750, 1.33
43, 114800, 1.32
44, 114850, 1.34
44, 114900, 1.34
44, 114950, 1.34
44, 115000, 1.32
44, 115050, 1.33
44, 115100, 1.35
44, 115150, 1.34
44, 115200, 1.33
44, 115250, 1.33
44, 115300, 1.33
44, 115350, 1.31
44, 115400, 1.32
44, 115450, 1.36
44, 115500, 1.31
44, 115550, 1.32
44, 115600, 1.33
44, 115650, 1.28
44, 115700, 1.33
44, 115750, 1.34
44, 115800, 1.33
44, 115850, 1.33
44, 115900, 1.33
44, 115950, 1.32
44, 116000, 1.35
44, 116050, 1.35
44, 116100, 1.32
44, 116150, 1.32
44, 116200, 1.34
44, 116250, 1.33
44, 116300, 1.32
44, 116350, 1.34
44, 116400, 1.29
44, 116450, 1.30
44, 116500, 1.33
44, 116550, 1.32
44, 116600, 1.35
44, 116650, 1.33
44, 116700, 1.33
44, 116750, 1.32
44, 116800, 1.33
44, 116850, 1.33
44, 116900, 1.29
44, 116950, 1.32
44, 117000, 1.33
44, 117050, 1.33
44, 117100, 1.33
44, 117150, 1.31
44, 117200, 1.33
44, 117250, 1.30
44, 117300, 1.33
44, 117350, 1.33
44, 117400, 1.30
44, 117450, 1.33
45, 117500, 1.33
45, 117550, 1.31
45, 117600, 1.35
45, 117650, 1.34
45, 117700, 1.33
45, 117750, 1.32
45, 117800, 1.30
45, 117850, 1.32
45, 117900, 1.31
45, 117950, 1.32
45, 118000, 1.32
45, 118050, 1.33
45, 118100, 1.34
45, 118150, 1.33
45, 118200, 1.33
45, 118250, 1.32
45, 118300, 1.32
45, 118350, 1.34
45, 118400, 1.35
45, 118450, 1.35
45, 118500, 1.35
45, 118550, 1.34
45, 118600, 1.35
45, 118650, 1.34
45, 118700, 1.34
45, 118750, 1.32
45, 118800, 1.33
45, 118850, 1.34
45, 118900, 1.33
45, 118950, 1.36
45, 119000, 1.34
45, 119050, 1.34
45, 119100, 1.34
45, 119150, 1.34
45, 119200, 1.34
45, 119250, 1.34
45, 119300, 1.32
45, 119350, 1.35
45, 119400, 1.34
45, 119450, 1.29
45, 119500, 1.34
45, 119550, 1.33
45, 119600, 1.34
45, 119650, 1.35
45, 119700, 1.32
45, 119750, 1.34
45, 119800, 1.35
45, 119850, 1.34
45, 119900, 1.34
45, 119950, 1.34
45, 120000, 1.35
45, 120050, 1.34
45, 120100, 1.36
45, 120150, 1.35
46, 120200, 1.34
46, 120250, 1.33
46, 120300, 1.32
46, 120350, 1.34
46, 120400, 1.33
46, 120450, 1.34
46, 120500, 1.37
46, 120550, 1.34
46, 120600, 1.36
46, 120650, 1.34
46, 120700, 1.34
46, 120750, 1.33
46, 120800, 1.34
46, 120850, 1.31
46, 120900, 1.34
46, 120950, 1.37
46, 121000, 1.34
46, 121050, 1.33
46, 121100, 1.36
46, 121150, 1.32
46, 121200, 1.33
46, 121250, 1.37
46, 121300, 1.34
46, 121350, 1.33
46, 121400, 1.33
46, 121450, 1.32
46, 121500, 1.34
46, 121550, 1.32
46, 121600, 1.33
46, 121650, 1.32
46, 121700, 1.35
46, 121750, 1.31
46, 121800, 1.32
46, 121850, 1.33
46, 121900, 1.31
46, 121950, 1.33
46, 122000, 1.33
46, 122050, 1.36
46, 122100, 1.34
46, 122150, 1.33
46, 122200, 1.34
46, 122250, 1.33
46, 122300, 1.34
46, 122350, 1.33
46, 122400, 1.33
46, 122450, 1.32
46, 122500, 1.34
46, 122550, 1.35
46, 122600, 1.34
46, 122650, 1.31
46, 122700, 1.35
46, 122750, 1.34
46, 122800, 1.34
47, 122850, 1.34
47, 122900, 1.35
47, 122950, 1.35
47, 123000, 1.34
47, 123050, 1.33
47, 123100, 1.34
47, 123150, 1.34
47, 123200, 1.34
47, 123250, 1.38
47, 123300, 1.35
47, 123350, 1.32
47, 123400, 1.33
47, 123450, 1.37
47, 123500, 1.34
47, 123550, 1.33
47, 123600, 1.34
47, 123650, 1.35
47, 123700, 1.35
47, 123750, 1.33
47, 123800, 1.33
47, 123850, 1.34
47, 123900, 1.34
47, 123950, 1.34
47, 124000, 1.34
47, 124050, 1.33
47, 124100, 1.31
47, 124150, 1.33
47, 124200, 1.33
47, 124250, 1.32
47, 124300, 1.31
47, 124350, 1.33
47, 124400, 1.33
47, 124450, 1.35
47, 124500, 1.34
47, 124550, 1.31
47, 124600, 1.36
47, 124650, 1.34
47, 124700, 1.31
47, 124750, 1.34
47, 124800, 1.33
47, 124850, 1.33
47, 124900, 1.34
47, 124950, 1.35
47, 125000, 1.33
47, 125050, 1.34
47, 125100, 1.33
47, 125150, 1.35
47, 125200, 1.33
47, 125250, 1.33
47, 125300, 1.31
47, 125350, 1.33
47, 125400, 1.34
47, 125450, 1.33
48, 125500, 1.32
48, 125550, 1.32
48, 125600, 1.34
48, 125650, 1.32
48, 125700, 1.33
48, 125750, 1.31
48, 125800, 1.33
48, 125850, 1.34
48, 125900, 1.36
48, 125950, 1.35
48, 126000, 1.34
48, 126050, 1.32
48, 126100, 1.33
48, 126150, 1.33
48, 126200, 1.33
48, 126250, 1.32
48, 126300, 1.34
48, 126350, 1.32
48, 126400, 1.34
48, 126450, 1.35
48, 126500, 1.33
48, 126550, 1.34
48, 126600, 1.35
48, 126650, 1.33
48, 126700, 1.36
48, 126750, 1.35
48, 126800, 1.37
48, 126850, 1.33
48, 126900, 1.34
48, 126950, 1.32
48, 127000, 1.34
48, 127050, 1.33
48, 127100, 1.32
48, 127150, 1.33
48, 127200, 1.33
48, 127250, 1.33
48, 127300, 1.33
48, 127350, 1.34
48, 127400, 1.32
48, 127450, 1.34
48, 127500, 1.34
48, 127550, 1.33
48, 127600, 1.34
48, 127650, 1.35
48, 127700, 1.32
48, 127750, 1.34
48, 127800, 1.35
48, 127850, 1.31
48, 127900, 1.33
48, 127950, 1.30
48, 128000, 1.33
48, 128050, 1.32
48, 128100, 1.32
48, 128150, 1.33
49, 128200, 1.34
49, 128250, 1.32
49, 128300, 1.35
49, 128350, 1.32
49, 128400, 1.32
49, 128450, 1.33
49, 128500, 1.31
49, 128550, 1.32
49, 128600, 1.35
49, 128650, 1.35
49, 128700, 1.33
49, 128750, 1.32
49, 128800, 1.33
49, 128850, 1.33
49, 128900, 1.33
49, 128950, 1.34
49, 129000, 1.32
49, 129050, 1.35
49, 129100, 1.32
49, 129150, 1.33
49, 129200, 1.31
49, 129250, 1.34
49, 129300, 1.34
49, 129350, 1.35
49, 129400, 1.33
49, 129450, 1.35
49, 129500, 1.34
49, 129550, 1.32
49, 129600, 1.35
49, 129650, 1.35
49, 129700, 1.33
49, 129750, 1.31
49, 129800, 1.34
49, 129850, 1.34
49, 129900, 1.35
49, 129950, 1.32
49, 130000, 1.33
49, 130050, 1.33
49, 130100, 1.31
49, 130150, 1.34
49, 130200, 1.38
49, 130250, 1.35
49, 130300, 1.34
49, 130350, 1.32
49, 130400, 1.33
49, 130450, 1.31
49, 130500, 1.31
49, 130550, 1.33
49, 130600, 1.33
49, 130650, 1.32
49, 130700, 1.32
49, 130750, 1.34
49, 130800, 1.35
50, 130850, 1.34
50, 130900, 1.34
50, 130950, 1.32
50, 131000, 1.36
50, 131050, 1.35
50, 131100, 1.33
50, 131150, 1.32
50, 131200, 1.36
50, 131250, 1.33
50, 131300, 1.35
50, 131350, 1.34
50, 131400, 1.32
50, 131450, 1.32
50, 131500, 1.32
50, 131550, 1.33
50, 131600, 1.32
50, 131650, 1.30
50, 131700, 1.32
50, 131750, 1.33
50, 131800, 1.33
50, 131850, 1.30
50, 131900, 1.32
50, 131950, 1.33
50, 132000, 1.31
50, 132050, 1.33
50, 132100, 1.32
50, 132150, 1.32
50, 132200, 1.35
50, 132250, 1.32
50, 132300, 1.33
50, 132350, 1.32
50, 132400, 1.33
50, 132450, 1.33
50, 132500, 1.36
50, 132550, 1.32
50, 132600, 1.35
50, 132650, 1.31
50, 132700, 1.33
50, 132750, 1.29
50, 132800, 1.36
50, 132850, 1.34
50, 132900, 1.37
50, 132950, 1.33
50, 133000, 1.35
50, 133050, 1.35
50, 133100, 1.33
50, 133150, 1.33
50, 133200, 1.32
50, 133250, 1.33
50, 133300, 1.30
50, 133350, 1.36
50, 133400, 1.34
50, 133450, 1.35
50, 133500, 1.33
51, 133550, 1.33
51, 133600, 1.35
51, 133650, 1.31
51, 133700, 1.29
51, 133750, 1.32
51, 133800, 1.31
51, 133850, 1.33
51, 133900, 1.34
51, 133950, 1.34
51, 134000, 1.36
51, 134050, 1.34
51, 134100, 1.34
51, 134150, 1.34
51, 134200, 1.33
51, 134250, 1.34
51, 134300, 1.33
51, 134350, 1.34
51, 134400, 1.35
51, 134450, 1.35
51, 134500, 1.34
51, 134550, 1.35
51, 134600, 1.34
51, 134650, 1.32
51, 134700, 1.36
51, 134750, 1.36
51, 134800, 1.31
51, 134850, 1.36
51, 134900, 1.34
51, 134950, 1.38
51, 135000, 1.32
51, 135050, 1.33
51, 135100, 1.34
51, 135150, 1.34
51, 135200, 1.34
51, 135250, 1.34
51, 135300, 1.36
51, 135350, 1.35
51, 135400, 1.31
51, 135450, 1.34
51, 135500, 1.34
51, 135550, 1.33
51, 135600, 1.35
51, 135650, 1.32
51, 135700, 1.34
51, 135750, 1.34
51, 135800, 1.36
51, 135850, 1.34
51, 135900, 1.32
51, 135950, 1.33
51, 136000, 1.31
51, 136050, 1.32
51, 136100, 1.37
51, 136150, 1.34
52, 136200, 1.35
52, 136250, 1.35
52, 136300, 1.32
52, 136350, 1.36
52, 136400, 1.32
52, 136450, 1.31
52, 136500, 1.36
52, 136550, 1.35
52, 136600, 1.34
52, 136650, 1.34
52, 136700, 1.35
52, 136750, 1.33
52, 136800, 1.34
52, 136850, 1.32
52, 136900, 1.36
52, 136950, 1.34
52, 137000, 1.35
52, 137050, 1.33
52, 137100, 1.31
52, 137150, 1.34
52, 137200, 1.34
52, 137250, 1.33
52, 137300, 1.33
52, 137350, 1.34
52, 137400, 1.33
52, 137450, 1.33
52, 137500, 1.33
52, 137550, 1.32
52, 137600, 1.37
52, 137650, 1.33
52, 137700, 1.33
52, 137750, 1.36
52, 137800, 1.34
52, 137850, 1.34
52, 137900, 1.34
52, 137950, 1.32
52, 138000, 1.32
52, 138050, 1.33
52, 138100, 1.33
52, 138150, 1.36
52, 138200, 1.35
52, 138250, 1.33
52, 138300, 1.36
52, 138350, 1.34
52, 138400, 1.32
52, 138450, 1.34
52, 138500, 1.34
52, 138550, 1.35
52, 138600, 1.31
52, 138650, 1.35
52, 138700, 1.33
52, 138750, 1.33
52, 138800, 1.35
53, 138850, 1.33
53, 138900, 1.33
53, 138950, 1.33
53, 139000, 1.37
53, 139050, 1.34
53, 139100, 1.33
53, 139150, 1.37
53, 139200, 1.35
53, 139250, 1.31
53, 139300, 1.34
53, 139350, 1.35
53, 139400, 1.34
53, 139450, 1.34
53, 139500, 1.33
53, 139550, 1.34
53, 139600, 1.33
53, 139650, 1.32
53, 139700, 1.33
53, 139750, 1.31
53, 139800, 1.34
53, 139850, 1.34
53, 139900, 1.33
53, 139950, 1.35
53, 140000, 1.33
53, 140050, 1.36
53, 140100, 1.33
53, 140150, 1.32
53, 140200, 1.34
53, 140250, 1.36
53, 140300, 1.36
53, 140350, 1.34
53, 140400, 1.35
53, 140450, 1.33
53, 140500, 1.38
53, 140550, 1.35
53, 140600, 1.33
53, 140650, 1.34
53, 140700, 1.33
53, 140750, 1.35
53, 140800, 1.33
53, 140850, 1.33
53, 140900, 1.33
53, 140950, 1.30
53, 141000, 1.36
53, 141050, 1.33
53, 141100, 1.37
53, 141150, 1.32
53, 141200, 1.35
53, 141250, 1.34
53, 141300, 1.33
53, 141350, 1.32
53, 141400, 1.35
53, 141450, 1.35
53, 141500, 1.34
54, 141550, 1.34
54, 141600, 1.35
54, 141650, 1.35
54, 141700, 1.35
54, 141750, 1.31
54, 141800, 1.35
54, 141850, 1.35
54, 141900, 1.32
54, 141950, 1.34
54, 142000, 1.34
54, 142050, 1.31
54, 142100, 1.34
54, 142150, 1.30
54, 142200, 1.32
54, 142250, 1.31
54, 142300, 1.35
54, 142350, 1.35
54, 142400, 1.32
54, 142450, 1.34
54, 142500, 1.35
54, 142550, 1.31
54, 142600, 1.33
54, 142650, 1.34
54, 142700, 1.36
54, 142750, 1.35
54, 142800, 1.35
54, 142850, 1.34
54, 142900, 1.36
54, 142950, 1.34
54, 143000, 1.34
54, 143050, 1.34
54, 143100, 1.33
54, 143150, 1.35
54, 143200, 1.33
54, 143250, 1.29
54, 143300, 1.33
54, 143350, 1.36
54, 143400, 1.31
54, 143450, 1.33
54, 143500, 1.33
54, 143550, 1.33
54, 143600, 1.33
54, 143650, 1.34
54, 143700, 1.35
54, 143750, 1.36
54, 143800, 1.33
54, 143850, 1.33
54, 143900, 1.34
54, 143950, 1.34
54, 144000, 1.32
54, 144050, 1.33
54, 144100, 1.34
54, 144150, 1.34
55, 144200, 1.33
55, 144250, 1.34
55, 144300, 1.31
55, 144350, 1.32
55, 144400, 1.36
55, 144450, 1.34
55, 144500, 1.33
55, 144550, 1.32
55, 144600, 1.37
55, 144650, 1.31
55, 144700, 1.33
55, 144750, 1.34
55, 144800, 1.33
55, 144850, 1.35
55, 144900, 1.35
55, 144950, 1.35
55, 145000, 1.35
55, 145050, 1.33
55, 145100, 1.34
55, 145150, 1.32
55, 145200, 1.34
55, 145250, 1.35
55, 145300, 1.34
55, 145350, 1.33
55, 145400, 1.37
55, 145450, 1.35
55, 145500, 1.31
55, 145550, 1.33
55, 145600, 1.33
55, 145650, 1.34
55, 145700, 1.32
55, 145750, 1.30
55, 145800, 1.32
55, 145850, 1.33
55, 145900, 1.33
55, 145950, 1.32
55, 146000, 1.34
55, 146050, 1.34
55, 146100, 1.35
55, 146150, 1.34
55, 146200, 1.34
55, 146250, 1.34
55, 146300, 1.35
55, 146350, 1.33
55, 146400, 1.34
55, 146450, 1.30
55, 146500, 1.33
55, 146550, 1.36
55, 146600, 1.33
55, 146650, 1.33
55, 146700, 1.36
55, 146750, 1.31
55, 146800, 1.34
55, 146850, 1.32
56, 146900, 1.34
56, 146950, 1.34
56, 147000, 1.33
56, 147050, 1.31
56, 147100, 1.32
56, 147150, 1.34
56, 147200, 1.33
56, 147250, 1.34
56, 147300, 1.33
56, 147350, 1.33
56, 147400, 1.36
56, 147450, 1.32
56, 147500, 1.36
56, 147550, 1.34
56, 147600, 1.33
56, 147650, 1.33
56, 147700, 1.34
56, 147750, 1.32
56, 147800, 1.33
56, 147850, 1.32
56, 147900, 1.33
56, 147950, 1.36
56, 148000, 1.31
56, 148050, 1.35
56, 148100, 1.34
56, 148150, 1.30
56, 148200, 1.33
56, 148250, 1.33
56, 148300, 1.34
56, 148350, 1.33
56, 148400, 1.32
56, 148450, 1.32
56, 148500, 1.33
56, 148550, 1.34
56, 148600, 1.35
56, 148650, 1.32
56, 148700, 1.32
56, 148750, 1.32
56, 148800, 1.32
56, 148850, 1.34
56, 148900, 1.34
56, 148950, 1.35
56, 149000, 1.35
56, 149050, 1.34
56, 149100, 1.35
56, 149150, 1.35
56, 149200, 1.35
56, 149250, 1.33
56, 149300, 1.31
56, 149350, 1.35
56, 149400, 1.33
56, 149450, 1.33
56, 149500, 1.30
57, 149550, 1.35
57, 149600, 1.36
57, 149650, 1.33
57, 149700, 1.34
57, 149750, 1.32
57, 149800, 1.35
57, 149850, 1.33
57, 149900, 1.33
57, 149950, 1.32
57, 150000, 1.34
57, 150050, 1.37
57, 150100, 1.35
57, 150150, 1.33
57, 150200, 1.35
57, 150250, 1.34
57, 150300, 1.34
57, 150350, 1.34
57, 150400, 1.36
57, 150450, 1.34
57, 150500, 1.35
57, 150550, 1.32
57, 150600, 1.32
57, 150650, 1.32
57, 150700, 1.34
57, 150750, 1.34
57, 150800, 1.33
57, 150850, 1.33
57, 150900, 1.33
57, 150950, 1.35
57, 151000, 1.31
57, 151050, 1.31
57, 151100, 1.36
57, 151150, 1.34
57, 151200, 1.33
57, 151250, 1.33
57, 151300, 1.34
57, 151350, 1.34
57, 151400, 1.35
57, 151450, 1.36
57, 151500, 1.35
57, 151550, 1.33
57, 151600, 1.35
57, 151650, 1.33
57, 151700, 1.34
57, 151750, 1.33
57, 151800, 1.32
57, 151850, 1.34
57, 151900, 1.34
57, 151950, 1.36
57, 152000, 1.31
57, 152050, 1.34
57, 152100, 1.34
57, 152150, 1.34
58, 152200, 1.31
58, 152250, 1.36
58, 152300, 1.35
58, 152350, 1.35
58, 152400, 1.34
58, 152450, 1.34
58, 152500, 1.34
58, 152550, 1.32
58, 152600, 1.32
58, 152650, 1.34
58, 152700, 1.33
58, 152750, 1.33
58, 152800, 1.34
58, 152850, 1.32
58, 152900, 1.29
58, 152950, 1.33
58, 153000, 1.34
58, 153050, 1.29
58, 153100, 1.34
58, 153150, 1.36
58, 153200, 1.35
58, 153250, 1.31
58, 153300, 1.35
58, 153350, 1.34
58, 153400, 1.33
58, 153450, 1.33
58, 153500, 1.31
58, 153550, 1.33
58, 153600, 1.34
58, 153650, 1.35
58, 153700, 1.34
58, 153750, 1.34
58, 153800, 1.34
58, 153850, 1.34
58, 153900, 1.34
58, 153950, 1.35
58, 154000, 1.35
58, 154050, 1.34
58, 154100, 1.34
58, 154150, 1.33
58, 154200, 1.32
58, 154250, 1.31
58, 154300, 1.32
58, 154350, 1.35
58, 154400, 1.34
58, 154450, 1.33
58, 154500, 1.34
58, 154550, 1.35
58, 154600, 1.35
58, 154650, 1.34
58, 154700, 1.32
58, 154750, 1.31
58, 154800, 1.33
58, 154850, 1.36
59, 154900, 1.32
59, 154950, 1.33
59, 155000, 1.32
59, 155050, 1.34
59, 155100, 1.33
59, 155150, 1.33
59, 155200, 1.32
59, 155250, 1.33
59, 155300, 1.35
59, 155350, 1.32
59, 155400, 1.33
59, 155450, 1.35
59, 155500, 1.34
59, 155550, 1.34
59, 155600, 1.37
59, 155650, 1.36
59, 155700, 1.36
59, 155750, 1.33
59, 155800, 1.36
59, 155850, 1.34
59, 155900, 1.33
59, 155950, 1.35
59, 156000, 1.34
59, 156050, 1.33
59, 156100, 1.34
59, 156150, 1.33
59, 156200, 1.31
59, 156250, 1.34
59, 156300, 1.34
59, 156350, 1.32
59, 156400, 1.33
59, 156450, 1.34
59, 156500, 1.34
59, 156550, 1.34
59, 156600, 1.35
59, 156650, 1.33
59, 156700, 1.33
59, 156750, 1.33
59, 156800, 1.34
59, 156850, 1.32
59, 156900, 1.34
59, 156950, 1.32
59, 157000, 1.34
59, 157050, 1.33
59, 157100, 1.33
59, 157150, 1.33
59, 157200, 1.33
59, 157250, 1.33
59, 157300, 1.33
59, 157350, 1.35
59, 157400, 1.32
59, 157450, 1.34
59, 157500, 1.32
60, 157550, 1.35
60, 157600, 1.37
60, 157650, 1.32
60, 157700, 1.34
60, 157750, 1.33
60, 157800, 1.33
60, 157850, 1.35
60, 157900, 1.35
60, 157950, 1.32
60, 158000, 1.32
60, 158050, 1.34
60, 158100, 1.35
60, 158150, 1.32
60, 158200, 1.31
60, 158250, 1.32
60, 158300, 1.35
60, 158350, 1.34
60, 158400, 1.34
60, 158450, 1.37
60, 158500, 1.34
60, 158550, 1.34
60, 158600, 1.34
60, 158650, 1.33
60, 158700, 1.32
60, 158750, 1.33
60, 158800, 1.33
60, 158850, 1.33
60, 158900, 1.32
60, 158950, 1.34
60, 159000, 1.34
60, 159050, 1.33
60, 159100, 1.33
60, 159150, 1.31
60, 159200, 1.33
60, 159250, 1.33
60, 159300, 1.36
60, 159350, 1.34
60, 159400, 1.34
60, 159450, 1.35
60, 159500, 1.37
60, 159550, 1.33
60, 159600, 1.32
60, 159650, 1.32
60, 159700, 1.31
60, 159750, 1.34
60, 159800, 1.34
60, 159850, 1.34
60, 159900, 1.33
60, 159950, 1.32
60, 160000, 1.34
60, 160050, 1.34
60, 160100, 1.33
60, 160150, 1.36
60, 160200, 1.34
61, 160250, 1.34
61, 160300, 1.33
61, 160350, 1.35
61, 160400, 1.32
61, 160450, 1.34
61, 160500, 1.34
61, 160550, 1.33
61, 160600, 1.33
61, 160650, 1.33
61, 160700, 1.34
61, 160750, 1.32
61, 160800, 1.34
61, 160850, 1.36
61, 160900, 1.36
61, 160950, 1.33
61, 161000, 1.31
61, 161050, 1.34
61, 161100, 1.33
61, 161150, 1.32
61, 161200, 1.33
61, 161250, 1.35
61, 161300, 1.32
61, 161350, 1.37
61, 161400, 1.34
61, 161450, 1.31
61, 161500, 1.36
61, 161550, 1.33
61, 161600, 1.33
61, 161650, 1.32
61, 161700, 1.33
61, 161750, 1.30
61, 161800, 1.33
61, 161850, 1.34
61, 161900, 1.35
61, 161950, 1.32
61, 162000, 1.35
61, 162050, 1.31
61, 162100, 1.33
61, 162150, 1.35
61, 162200, 1.35
61, 162250, 1.34
61, 162300, 1.31
61, 162350, 1.35
61, 162400, 1.35
61, 162450, 1.32
61, 162500, 1.33
61, 162550, 1.34
61, 162600, 1.36
61, 162650, 1.33
61, 162700, 1.34
61, 162750, 1.36
61, 162800, 1.36
61, 162850, 1.32
62, 162900, 1.33
62, 162950, 1.33
62, 163000, 1.35
62, 163050, 1.35
62, 163100, 1.33
62, 163150, 1.32
62, 163200, 1.36
62, 163250, 1.35
62, 163300, 1.32
62, 163350, 1.36
62, 163400, 1.35
62, 163450, 1.33
62, 163500, 1.35
62, 163550, 1.33
62, 163600, 1.33
62, 163650, 1.35
62, 163700, 1.33
62, 163750, 1.32
62, 163800, 1.31
62, 163850, 1.33
62, 163900, 1.32
62, 163950, 1.32
62, 164000, 1.34
62, 164050, 1.34
62, 164100, 1.34
62, 164150, 1.36
62, 164200, 1.34
62, 164250, 1.33
62, 164300, 1.31
62, 164350, 1.34
62, 164400, 1.33
62, 164450, 1.35
62, 164500, 1.36
62, 164550, 1.35
62, 164600, 1.33
62, 164650, 1.34
62, 164700, 1.34
62, 164750, 1.31
62, 164800, 1.32
62, 164850, 1.32
62, 164900, 1.35
62, 164950, 1.32
62, 165000, 1.34
62, 165050, 1.37
62, 165100, 1.33
62, 165150, 1.34
62, 165200, 1.32
62, 165250, 1.32
62, 165300, 1.34
62, 165350, 1.34
62, 165400, 1.34
62, 165450, 1.35
62, 165500, 1.32
63, 165550, 1.32
63, 165600, 1.32
63, 165650, 1.34
63, 165700, 1.34
63, 165750, 1.34
63, 165800, 1.36
63, 165850, 1.35
63, 165900, 1.32
63, 165950, 1.36
63, 166000, 1.34
63, 166050, 1.35
63, 166100, 1.33
63, 166150, 1.34
63, 166200, 1.33
63, 166250, 1.35
63, 166300, 1.33
63, 166350, 1.36
63, 166400, 1.33
63, 166450, 1.34
63, 166500, 1.33
63, 166550, 1.35
63, 166600, 1.33
63, 166650, 1.34
63, 166700, 1.35
63, 166750, 1.34
63, 166800, 1.32
63, 166850, 1.34
63, 166900, 1.34
63, 166950, 1.33
63, 167000, 1.32
63, 167050, 1.34
63, 167100, 1.35
63, 167150, 1.35
63, 167200, 1.33
63, 167250, 1.31
63, 167300, 1.36
63, 167350, 1.32
63, 167400, 1.34
63, 167450, 1.35
63, 167500, 1.34
63, 167550, 1.33
63, 167600, 1.32
63, 167650, 1.33
63, 167700, 1.33
63, 167750, 1.32
63, 167800, 1.37
63, 167850, 1.34
63, 167900, 1.33
63, 167950, 1.33
63, 168000, 1.34
63, 168050, 1.34
63, 168100, 1.33
63, 168150, 1.33
63, 168200, 1.35
64, 168250, 1.37
64, 168300, 1.34
64, 168350, 1.34
64, 168400, 1.32
64, 168450, 1.33
64, 168500, 1.34
64, 168550, 1.34
64, 168600, 1.35
64, 168650, 1.33
64, 168700, 1.35
64, 168750, 1.34
64, 168800, 1.35
64, 168850, 1.32
64, 168900, 1.31
64, 168950, 1.32
64, 169000, 1.32
64, 169050, 1.32
64, 169100, 1.35
64, 169150, 1.36
64, 169200, 1.32
64, 169250, 1.35
64, 169300, 1.31
64, 169350, 1.33
64, 169400, 1.33
64, 169450, 1.34
64, 169500, 1.34
64, 169550, 1.33
64, 169600, 1.34
64, 169650, 1.34
64, 169700, 1.35
64, 169750, 1.32
64, 169800, 1.34
64, 169850, 1.33
64, 169900, 1.32
64, 169950, 1.34
64, 170000, 1.35
64, 170050, 1.36
64, 170100, 1.33
64, 170150, 1.33
64, 170200, 1.37
64, 170250, 1.33
64, 170300, 1.34
64, 170350, 1.32
64, 170400, 1.35
64, 170450, 1.35
64, 170500, 1.35
64, 170550, 1.35
64, 170600, 1.33
64, 170650, 1.34
64, 170700, 1.34
64, 170750, 1.34
64, 170800, 1.33
64, 170850, 1.34
65, 170900, 1.33
65, 170950, 1.35
65, 171000, 1.33
65, 171050, 1.34
65, 171100, 1.33
65, 171150, 1.34
65, 171200, 1.32
65, 171250, 1.33
65, 171300, 1.35
65, 171350, 1.33
65, 171400, 1.35
65, 171450, 1.34
65, 171500, 1.34
65, 171550, 1.30
65, 171600, 1.35
65, 171650, 1.34
65, 171700, 1.32
65, 171750, 1.34
65, 171800, 1.33
65, 171850, 1.32
65, 171900, 1.37
65, 171950, 1.35
65, 172000, 1.34
65, 172050, 1.35
65, 172100, 1.33
65, 172150, 1.38
65, 172200, 1.30
65, 172250, 1.36
65, 172300, 1.34
65, 172350, 1.35
65, 172400, 1.31
65, 172450, 1.35
65, 172500, 1.34
65, 172550, 1.33
65, 172600, 1.34
65, 172650, 1.34
65, 172700, 1.35
65, 172750, 1.31
65, 172800, 1.32
65, 172850, 1.32
65, 172900, 1.34
65, 172950, 1.32
65, 173000, 1.35
65, 173050, 1.36
65, 173100, 1.33
65, 173150, 1.36
65, 173200, 1.35
65, 173250, 1.33
65, 173300, 1.33
65, 173350, 1.33
65, 173400, 1.33
65, 173450, 1.35
65, 173500, 1.35
65, 173550, 1.33
66, 173600, 1.34
66, 173650, 1.33
66, 173700, 1.32
66, 173750, 1.34
66, 173800, 1.33
66, 173850, 1.36
66, 173900, 1.35
66, 173950, 1.31
66, 174000, 1.34
66, 174050, 1.33
66, 174100, 1.33
66, 174150, 1.33
66, 174200, 1.33
66, 174250, 1.34
66, 174300, 1.35
66, 174350, 1.35
66, 174400, 1.33
66, 174450, 1.33
66, 174500, 1.33
66, 174550, 1.33
66, 174600, 1.34
66, 174650, 1.33
66, 174700, 1.34
66, 174750, 1.34
66, 174800, 1.36
66, 174850, 1.37
66, 174900, 1.32
66, 174950, 1.35
66, 175000, 1.33
66, 175050, 1.35
66, 175100, 1.34
66, 175150, 1.33
66, 175200, 1.37
66, 175250, 1.35
66, 175300, 1.30
66, 175350, 1.33
66, 175400, 1.35
66, 175450, 1.33
66, 175500, 1.33
66, 175550, 1.33
66, 175600, 1.34
66, 175650, 1.33
66, 175700, 1.34
66, 175750, 1.34
66, 175800, 1.31
66, 175850, 1.34
66, 175900, 1.33
66, 175950, 1.30
66, 176000, 1.36
66, 176050, 1.34
66, 176100, 1.34
66, 176150, 1.34
66, 176200, 1.33
67, 176250, 1.37
67, 176300, 1.34
67, 176350, 1.34
67, 176400, 1.31
67, 176450, 1.35
67, 176500, 1.33
67, 176550, 1.34
67, 176600, 1.31
67, 176650, 1.32
67, 176700, 1.36
67, 176750, 1.35
67, 176800, 1.34
67, 176850, 1.34
67, 176900, 1.34
67, 176950, 1.34
67, 177000, 1.33
67, 177050, 1.34
67, 177100, 1.33
67, 177150, 1.34
67, 177200, 1.32
67, 177250, 1.33
67, 177300, 1.33
67, 177350, 1.36
67, 177400, 1.32
67, 177450, 1.33
67, 177500, 1.37
67, 177550, 1.34
67, 177600, 1.35
67, 177650, 1.33
67, 177700, 1.32
67, 177750, 1.35
67, 177800, 1.36
67, 177850, 1.34
67, 177900, 1.34
67, 177950, 1.33
67, 178000, 1.35
67, 178050, 1.35
67, 178100, 1.35
67, 178150, 1.34
67, 178200, 1.33
67, 178250, 1.34
67, 178300, 1.34
67, 178350, 1.32
67, 178400, 1.35
67, 178450, 1.35
67, 178500, 1.31
67, 178550, 1.33
67, 178600, 1.35
67, 178650, 1.36
67, 178700, 1.33
67, 178750, 1.34
67, 178800, 1.35
67, 178850, 1.33
68, 178900, 1.32
68, 178950, 1.36
68, 179000, 1.36
