#args_tuples: [('--train-perct', '1.0'), ('test', False), ('--clip-grad', '5.0'), ('--lr', '0.001'), ('--batch-size', '32'), ('--train-tgt', None), ('--max-epoch', '1000'), ('train', True), ('--max-num-trial', '5'), ('--lr-decay', '0.5'), ('--num-classes', '5'), ('--input-feed', False), ('--save-to', 'model.bin'), ('--dev-tgt', None), ('--beam-size', '5'), ('--dropout', '0.3'), ('--help', False), ('--sample-size', '5'), ('--valid-niter', '2000'), ('--patience', '5'), ('--embed-size', '50'), ('--uniform-init', '0.1'), ('MODEL_PATH', None), ('--dev-src', None), ('--max-decoding-time-step', '70'), ('--seed', '0'), ('--data-aug-nx', '4'), ('--log-every', '100'), ('--dev-perct', '1.0'), ('--data-aug-amount', '0.01'), ('--data-aug', '"None"'), ('--cuda', True), ('--train-src', None), ('--hidden-size', '100')]
#--train-perct: 1.0
#test: False
#--clip-grad: 5.0
#--lr: 0.001
#--batch-size: 32
#--train-tgt: None
#--max-epoch: 1000
#train: True
#--max-num-trial: 5
#--lr-decay: 0.5
#--num-classes: 5
#--input-feed: False
#--save-to: model.bin
#--dev-tgt: None
#--beam-size: 5
#--dropout: 0.3
#--help: False
#--sample-size: 5
#--valid-niter: 2000
#--patience: 5
#--embed-size: 50
#--uniform-init: 0.1
#MODEL_PATH: None
#--dev-src: None
#--max-decoding-time-step: 70
#--seed: 0
#--data-aug-nx: 4
#--log-every: 100
#--dev-perct: 1.0
#--data-aug-amount: 0.01
#--data-aug: "None"
#--cuda: True
#--train-src: None
#--hidden-size: 100
#epoch, train iter, train score
1, 100, 1.56
1, 200, 1.52
2, 300, 1.49
2, 400, 1.47
2, 500, 1.46
3, 600, 1.46
3, 700, 1.43
3, 800, 1.45
4, 900, 1.42
4, 1000, 1.43
5, 1100, 1.43
5, 1200, 1.39
5, 1300, 1.41
6, 1400, 1.41
6, 1500, 1.40
6, 1600, 1.38
7, 1700, 1.38
7, 1800, 1.37
8, 1900, 1.35
8, 2000, 1.35
8, 2100, 1.36
9, 2200, 1.31
9, 2300, 1.34
9, 2400, 1.33
10, 2500, 1.29
10, 2600, 1.28
11, 2700, 1.27
11, 2800, 1.24
11, 2900, 1.26
12, 3000, 1.21
12, 3100, 1.21
12, 3200, 1.19
13, 3300, 1.13
13, 3400, 1.18
14, 3500, 1.15
14, 3600, 1.09
14, 3700, 1.10
15, 3800, 1.08
15, 3900, 1.04
15, 4000, 1.05
16, 4100, 0.96
16, 4200, 1.00
17, 4300, 0.95
17, 4400, 0.92
17, 4500, 0.92
18, 4600, 0.85
18, 4700, 0.85
18, 4800, 0.87
19, 4900, 0.76
19, 5000, 0.78
20, 5100, 0.77
20, 5200, 0.70
20, 5300, 0.71
21, 5400, 0.68
21, 5500, 0.64
21, 5600, 0.68
22, 5700, 0.59
22, 5800, 0.60
23, 5900, 0.60
23, 6000, 0.55
23, 6100, 0.55
24, 6200, 0.50
24, 6300, 0.51
24, 6400, 0.53
25, 6500, 0.46
25, 6600, 0.48
26, 6700, 0.48
26, 6800, 0.42
26, 6900, 0.43
27, 7000, 0.42
27, 7100, 0.42
27, 7200, 0.43
28, 7300, 0.39
28, 7400, 0.40
29, 7500, 0.39
29, 7600, 0.36
29, 7700, 0.38
30, 7800, 0.36
30, 7900, 0.37
30, 8000, 0.37
31, 8100, 0.32
31, 8200, 0.35
32, 8300, 0.35
32, 8400, 0.33
32, 8500, 0.36
33, 8600, 0.32
33, 8700, 0.31
33, 8800, 0.36
34, 8900, 0.31
34, 9000, 0.30
35, 9100, 0.32
35, 9200, 0.30
35, 9300, 0.35
36, 9400, 0.32
36, 9500, 0.31
36, 9600, 0.31
37, 9700, 0.29
37, 9800, 0.30
38, 9900, 0.29
38, 10000, 0.30
38, 10100, 0.28
39, 10200, 0.28
39, 10300, 0.30
39, 10400, 0.31
40, 10500, 0.30
40, 10600, 0.30
41, 10700, 0.29
41, 10800, 0.28
41, 10900, 0.27
42, 11000, 0.28
42, 11100, 0.31
42, 11200, 0.29
43, 11300, 0.28
43, 11400, 0.29
44, 11500, 0.28
44, 11600, 0.27
44, 11700, 0.27
45, 11800, 0.29
45, 11900, 0.29
45, 12000, 0.30
46, 12100, 1.31
46, 12200, 1.31
47, 12300, 1.32
47, 12400, 1.29
47, 12500, 1.29
48, 12600, 1.28
48, 12700, 1.26
48, 12800, 1.28
49, 12900, 1.23
49, 13000, 1.24
50, 13100, 1.24
50, 13200, 1.23
50, 13300, 1.22
51, 13400, 1.18
51, 13500, 1.16
51, 13600, 1.19
52, 13700, 1.15
52, 13800, 1.17
53, 13900, 1.15
53, 14000, 1.08
53, 14100, 1.12
54, 14200, 1.11
54, 14300, 1.09
54, 14400, 1.07
55, 14500, 1.04
55, 14600, 1.03
56, 14700, 1.06
56, 14800, 0.99
56, 14900, 1.01
57, 15000, 0.99
57, 15100, 0.96
57, 15200, 0.98
58, 15300, 0.92
58, 15400, 0.94
59, 15500, 0.91
59, 15600, 0.87
59, 15700, 0.88
60, 15800, 0.87
60, 15900, 0.83
60, 16000, 0.85
61, 16100, 0.82
61, 16200, 0.79
62, 16300, 0.80
62, 16400, 0.77
62, 16500, 0.76
63, 16600, 0.75
63, 16700, 0.73
63, 16800, 0.74
64, 16900, 0.70
64, 17000, 0.68
65, 17100, 0.71
65, 17200, 0.64
65, 17300, 0.69
66, 17400, 0.66
66, 17500, 0.63
66, 17600, 0.63
67, 17700, 0.59
67, 17800, 0.60
68, 17900, 0.61
68, 18000, 0.56
68, 18100, 0.58
69, 18200, 0.54
69, 18300, 0.54
69, 18400, 0.55
70, 18500, 0.51
70, 18600, 0.53
71, 18700, 0.50
71, 18800, 0.50
71, 18900, 0.52
72, 19000, 0.48
72, 19100, 0.47
72, 19200, 0.50
73, 19300, 0.44
73, 19400, 0.44
74, 19500, 0.46
74, 19600, 0.42
74, 19700, 0.44
75, 19800, 0.42
75, 19900, 0.43
75, 20000, 0.43
76, 20100, 0.41
76, 20200, 0.41
77, 20300, 0.41
77, 20400, 0.39
77, 20500, 0.39
78, 20600, 0.38
78, 20700, 0.38
78, 20800, 0.39
79, 20900, 0.38
79, 21000, 0.38
80, 21100, 0.37
80, 21200, 0.36
80, 21300, 0.38
81, 21400, 0.36
81, 21500, 0.34
81, 21600, 0.37
82, 21700, 0.34
82, 21800, 0.36
83, 21900, 0.35
83, 22000, 0.32
83, 22100, 1.31
84, 22200, 1.31
84, 22300, 1.28
84, 22400, 1.32
85, 22500, 1.29
85, 22600, 1.28
86, 22700, 1.29
86, 22800, 1.27
86, 22900, 1.25
87, 23000, 1.27
87, 23100, 1.26
87, 23200, 1.24
88, 23300, 1.24
88, 23400, 1.24
89, 23500, 1.23
89, 23600, 1.23
89, 23700, 1.22
90, 23800, 1.20
90, 23900, 1.21
90, 24000, 1.20
91, 24100, 1.20
91, 24200, 1.19
92, 24300, 1.17
92, 24400, 1.16
92, 24500, 1.16
93, 24600, 1.16
93, 24700, 1.15
93, 24800, 1.14
94, 24900, 1.10
94, 25000, 1.14
95, 25100, 1.13
95, 25200, 1.11
95, 25300, 1.11
96, 25400, 1.10
96, 25500, 1.08
96, 25600, 1.11
97, 25700, 1.06
97, 25800, 1.05
98, 25900, 1.07
98, 26000, 1.05
98, 26100, 1.02
99, 26200, 1.04
99, 26300, 1.02
99, 26400, 1.02
100, 26500, 1.00
100, 26600, 0.98
100, 26700, 1.02
101, 26800, 0.96
101, 26900, 1.00
102, 27000, 0.97
102, 27100, 0.95
102, 27200, 0.95
103, 27300, 0.91
103, 27400, 0.94
103, 27500, 0.94
104, 27600, 0.90
104, 27700, 0.91
105, 27800, 0.89
105, 27900, 0.89
105, 28000, 0.92
106, 28100, 0.88
106, 28200, 0.89
106, 28300, 0.88
107, 28400, 0.84
107, 28500, 0.84
108, 28600, 0.83
108, 28700, 0.82
108, 28800, 0.85
109, 28900, 0.83
109, 29000, 0.79
109, 29100, 0.82
110, 29200, 0.78
110, 29300, 0.78
111, 29400, 0.77
111, 29500, 0.77
111, 29600, 0.77
112, 29700, 0.74
112, 29800, 0.74
112, 29900, 0.76
113, 30000, 0.72
113, 30100, 0.73
114, 30200, 0.73
114, 30300, 0.71
114, 30400, 0.70
115, 30500, 0.70
115, 30600, 0.68
115, 30700, 0.70
116, 30800, 0.65
116, 30900, 0.69
117, 31000, 0.66
117, 31100, 0.65
117, 31200, 0.68
118, 31300, 0.62
118, 31400, 0.63
118, 31500, 0.67
119, 31600, 0.62
119, 31700, 0.65
120, 31800, 0.62
120, 31900, 0.59
120, 32000, 0.63
121, 32100, 1.32
121, 32200, 1.29
121, 32300, 1.29
122, 32400, 1.30
122, 32500, 1.31
123, 32600, 1.27
123, 32700, 1.29
123, 32800, 1.28
124, 32900, 1.27
124, 33000, 1.28
124, 33100, 1.27
125, 33200, 1.25
125, 33300, 1.27
126, 33400, 1.26
126, 33500, 1.26
126, 33600, 1.27
127, 33700, 1.26
127, 33800, 1.25
127, 33900, 1.24
128, 34000, 1.22
128, 34100, 1.24
129, 34200, 1.24
129, 34300, 1.24
129, 34400, 1.23
130, 34500, 1.20
130, 34600, 1.22
130, 34700, 1.24
131, 34800, 1.21
131, 34900, 1.20
132, 35000, 1.20
132, 35100, 1.21
132, 35200, 1.21
133, 35300, 1.20
133, 35400, 1.20
133, 35500, 1.19
134, 35600, 1.21
134, 35700, 1.19
135, 35800, 1.19
135, 35900, 1.20
135, 36000, 1.18
136, 36100, 1.16
136, 36200, 1.16
136, 36300, 1.17
137, 36400, 1.18
137, 36500, 1.15
138, 36600, 1.18
138, 36700, 1.14
138, 36800, 1.16
139, 36900, 1.13
139, 37000, 1.16
139, 37100, 1.14
140, 37200, 1.13
140, 37300, 1.13
141, 37400, 1.10
141, 37500, 1.13
141, 37600, 1.11
142, 37700, 1.12
142, 37800, 1.11
142, 37900, 1.10
143, 38000, 1.11
143, 38100, 1.10
144, 38200, 1.09
144, 38300, 1.10
144, 38400, 1.09
145, 38500, 1.08
145, 38600, 1.09
145, 38700, 1.07
146, 38800, 1.06
146, 38900, 1.07
147, 39000, 1.06
147, 39100, 1.06
147, 39200, 1.06
148, 39300, 1.05
148, 39400, 1.06
148, 39500, 1.05
149, 39600, 1.02
149, 39700, 1.03
150, 39800, 1.04
150, 39900, 1.01
150, 40000, 1.02
151, 40100, 1.01
151, 40200, 1.01
151, 40300, 1.00
152, 40400, 0.98
152, 40500, 1.01
153, 40600, 1.01
153, 40700, 0.99
153, 40800, 1.00
154, 40900, 0.97
154, 41000, 0.97
154, 41100, 0.99
155, 41200, 0.98
155, 41300, 0.93
156, 41400, 0.97
156, 41500, 0.94
156, 41600, 0.97
157, 41700, 0.96
157, 41800, 0.94
157, 41900, 0.95
158, 42000, 0.94
158, 42100, 1.31
159, 42200, 1.31
159, 42300, 1.31
159, 42400, 1.31
160, 42500, 1.29
160, 42600, 1.28
160, 42700, 1.30
161, 42800, 1.29
161, 42900, 1.29
162, 43000, 1.28
162, 43100, 1.28
162, 43200, 1.27
163, 43300, 1.29
163, 43400, 1.27
163, 43500, 1.26
164, 43600, 1.28
164, 43700, 1.27
165, 43800, 1.28
165, 43900, 1.27
165, 44000, 1.28
166, 44100, 1.29
166, 44200, 1.26
166, 44300, 1.25
167, 44400, 1.28
167, 44500, 1.27
168, 44600, 1.25
168, 44700, 1.26
168, 44800, 1.25
169, 44900, 1.26
169, 45000, 1.26
169, 45100, 1.24
170, 45200, 1.27
170, 45300, 1.25
171, 45400, 1.24
171, 45500, 1.25
171, 45600, 1.24
172, 45700, 1.23
172, 45800, 1.25
172, 45900, 1.25
173, 46000, 1.23
173, 46100, 1.24
174, 46200, 1.23
174, 46300, 1.21
174, 46400, 1.24
175, 46500, 1.24
175, 46600, 1.23
175, 46700, 1.22
176, 46800, 1.21
176, 46900, 1.22
177, 47000, 1.24
177, 47100, 1.22
177, 47200, 1.21
178, 47300, 1.23
178, 47400, 1.22
178, 47500, 1.21
179, 47600, 1.21
179, 47700, 1.22
180, 47800, 1.20
180, 47900, 1.20
180, 48000, 1.21
181, 48100, 1.20
181, 48200, 1.19
181, 48300, 1.21
182, 48400, 1.18
182, 48500, 1.19
183, 48600, 1.20
183, 48700, 1.20
183, 48800, 1.19
184, 48900, 1.21
184, 49000, 1.19
184, 49100, 1.20
185, 49200, 1.18
185, 49300, 1.19
186, 49400, 1.19
186, 49500, 1.18
186, 49600, 1.18
187, 49700, 1.17
187, 49800, 1.15
187, 49900, 1.19
188, 50000, 1.18
188, 50100, 1.17
189, 50200, 1.14
189, 50300, 1.18
189, 50400, 1.14
190, 50500, 1.18
190, 50600, 1.15
190, 50700, 1.16
191, 50800, 1.15
191, 50900, 1.16
192, 51000, 1.14
192, 51100, 1.14
192, 51200, 1.17
193, 51300, 1.15
193, 51400, 1.14
193, 51500, 1.15
194, 51600, 1.13
194, 51700, 1.14
195, 51800, 1.16
195, 51900, 1.13
195, 52000, 1.15
196, 52100, 1.12
196, 52200, 1.12
196, 52300, 1.12
197, 52400, 1.12
197, 52500, 1.13
198, 52600, 1.12
198, 52700, 1.12
198, 52800, 1.12
199, 52900, 1.12
199, 53000, 1.09
199, 53100, 1.12
200, 53200, 1.12
200, 53300, 1.12
200, 53400, 1.10
201, 53500, 1.09
201, 53600, 1.11
202, 53700, 1.11
202, 53800, 1.08
202, 53900, 1.11
203, 54000, 1.08
