#args_tuples: [('--train-perct', '1.0'), ('--data-aug', 'gaussian'), ('--valid-niter', '200'), ('--data-aug-amount', '1'), ('--log-every', '50'), ('--sample-size', '5'), ('--dropout', '0.3'), ('--max-epoch', '1000'), ('--uniform-init', '0.1'), ('--embed-size', '50'), ('--patience', '10'), ('--max-num-trial', '5'), ('--beam-size', '5'), ('--clip-grad', '5.0'), ('--train-src', None), ('--train-tgt', None), ('MODEL_PATH', None), ('--seed', '0'), ('--max-decoding-time-step', '70'), ('--dev-tgt', None), ('--data-aug-nx', '9'), ('--help', False), ('--lr', '0.001'), ('test', False), ('train', True), ('--batch-size', '32'), ('--cuda', True), ('--save-to', 'model.bin'), ('--num-classes', '5'), ('--lr-decay', '0.5'), ('--input-feed', False), ('--dev-perct', '1.0'), ('--hidden-size', '20'), ('--dev-src', None)]
#--train-perct: 1.0
#--data-aug: gaussian
#--valid-niter: 200
#--data-aug-amount: 1
#--log-every: 50
#--sample-size: 5
#--dropout: 0.3
#--max-epoch: 1000
#--uniform-init: 0.1
#--embed-size: 50
#--patience: 10
#--max-num-trial: 5
#--beam-size: 5
#--clip-grad: 5.0
#--train-src: None
#--train-tgt: None
#MODEL_PATH: None
#--seed: 0
#--max-decoding-time-step: 70
#--dev-tgt: None
#--data-aug-nx: 9
#--help: False
#--lr: 0.001
#test: False
#train: True
#--batch-size: 32
#--cuda: True
#--save-to: model.bin
#--num-classes: 5
#--lr-decay: 0.5
#--input-feed: False
#--dev-perct: 1.0
#--hidden-size: 20
#--dev-src: None
#epoch, train iter, train score
1, 50, 1.60
1, 100, 1.58
1, 150, 1.58
1, 200, 1.58
1, 250, 1.59
1, 300, 1.57
1, 350, 1.56
1, 400, 1.56
1, 450, 1.56
1, 500, 1.56
1, 550, 1.55
1, 600, 1.55
1, 650, 1.54
1, 700, 1.54
1, 750, 1.54
1, 800, 1.54
1, 850, 1.54
1, 900, 1.54
1, 950, 1.56
1, 1000, 1.55
1, 1050, 1.54
1, 1100, 1.53
1, 1150, 1.53
1, 1200, 1.53
1, 1250, 1.53
1, 1300, 1.54
1, 1350, 1.55
1, 1400, 1.53
1, 1450, 1.52
1, 1500, 1.53
1, 1550, 1.52
1, 1600, 1.54
1, 1650, 1.52
1, 1700, 1.54
1, 1750, 1.52
1, 1800, 1.54
1, 1850, 1.54
1, 1900, 1.52
1, 1950, 1.54
1, 2000, 1.53
1, 2050, 1.55
1, 2100, 1.53
1, 2150, 1.54
1, 2200, 1.54
1, 2250, 1.55
1, 2300, 1.52
1, 2350, 1.53
1, 2400, 1.53
1, 2450, 1.53
1, 2500, 1.53
1, 2550, 1.54
1, 2600, 1.54
1, 2650, 1.53
2, 2700, 1.52
2, 2750, 1.52
2, 2800, 1.52
2, 2850, 1.51
2, 2900, 1.52
2, 2950, 1.52
2, 3000, 1.51
2, 3050, 1.52
2, 3100, 1.50
2, 3150, 1.52
2, 3200, 1.53
2, 3250, 1.53
2, 3300, 1.52
2, 3350, 1.53
2, 3400, 1.53
2, 3450, 1.51
2, 3500, 1.54
2, 3550, 1.52
2, 3600, 1.52
2, 3650, 1.53
2, 3700, 1.51
2, 3750, 1.51
2, 3800, 1.52
2, 3850, 1.53
2, 3900, 1.52
2, 3950, 1.51
2, 4000, 1.51
2, 4050, 1.52
2, 4100, 1.51
2, 4150, 1.52
2, 4200, 1.50
2, 4250, 1.53
2, 4300, 1.52
2, 4350, 1.52
2, 4400, 1.51
2, 4450, 1.52
2, 4500, 1.52
2, 4550, 1.52
2, 4600, 1.52
2, 4650, 1.50
2, 4700, 1.54
2, 4750, 1.52
2, 4800, 1.54
2, 4850, 1.53
2, 4900, 1.53
2, 4950, 1.52
2, 5000, 1.51
2, 5050, 1.50
2, 5100, 1.52
2, 5150, 1.52
2, 5200, 1.52
2, 5250, 1.51
2, 5300, 1.53
3, 5350, 1.52
3, 5400, 1.50
3, 5450, 1.49
3, 5500, 1.50
3, 5550, 1.50
3, 5600, 1.51
3, 5650, 1.51
3, 5700, 1.51
3, 5750, 1.52
3, 5800, 1.51
3, 5850, 1.50
3, 5900, 1.50
3, 5950, 1.51
3, 6000, 1.51
3, 6050, 1.52
3, 6100, 1.52
3, 6150, 1.51
3, 6200, 1.52
3, 6250, 1.51
3, 6300, 1.52
3, 6350, 1.52
3, 6400, 1.50
3, 6450, 1.50
3, 6500, 1.52
3, 6550, 1.51
3, 6600, 1.52
3, 6650, 1.51
3, 6700, 1.52
3, 6750, 1.51
3, 6800, 1.52
3, 6850, 1.49
3, 6900, 1.51
3, 6950, 1.51
3, 7000, 1.49
3, 7050, 1.50
3, 7100, 1.50
3, 7150, 1.51
3, 7200, 1.49
3, 7250, 1.50
3, 7300, 1.51
3, 7350, 1.50
3, 7400, 1.52
3, 7450, 1.51
3, 7500, 1.51
3, 7550, 1.49
3, 7600, 1.51
3, 7650, 1.51
3, 7700, 1.50
3, 7750, 1.51
3, 7800, 1.50
3, 7850, 1.50
3, 7900, 1.52
3, 7950, 1.49
3, 8000, 1.51
4, 8050, 1.50
4, 8100, 1.49
4, 8150, 1.49
4, 8200, 1.50
4, 8250, 1.50
4, 8300, 1.50
4, 8350, 1.49
4, 8400, 1.49
4, 8450, 1.50
4, 8500, 1.50
4, 8550, 1.49
4, 8600, 1.51
4, 8650, 1.52
4, 8700, 1.49
4, 8750, 1.49
4, 8800, 1.50
4, 8850, 1.49
4, 8900, 1.49
4, 8950, 1.48
4, 9000, 1.49
4, 9050, 1.50
4, 9100, 1.52
4, 9150, 1.50
4, 9200, 1.51
4, 9250, 1.49
4, 9300, 1.48
4, 9350, 1.52
4, 9400, 1.50
4, 9450, 1.49
4, 9500, 1.47
4, 9550, 1.49
4, 9600, 1.50
4, 9650, 1.48
4, 9700, 1.48
4, 9750, 1.49
4, 9800, 1.50
4, 9850, 1.52
4, 9900, 1.51
4, 9950, 1.51
4, 10000, 1.51
4, 10050, 1.49
4, 10100, 1.49
4, 10150, 1.49
4, 10200, 1.50
4, 10250, 1.48
4, 10300, 1.51
4, 10350, 1.49
4, 10400, 1.50
4, 10450, 1.49
4, 10500, 1.50
4, 10550, 1.49
4, 10600, 1.51
4, 10650, 1.51
5, 10700, 1.50
5, 10750, 1.47
5, 10800, 1.49
5, 10850, 1.49
5, 10900, 1.48
5, 10950, 1.48
5, 11000, 1.47
5, 11050, 1.49
5, 11100, 1.49
5, 11150, 1.48
5, 11200, 1.49
5, 11250, 1.48
5, 11300, 1.49
5, 11350, 1.50
5, 11400, 1.50
5, 11450, 1.50
5, 11500, 1.49
5, 11550, 1.49
5, 11600, 1.48
5, 11650, 1.48
5, 11700, 1.49
5, 11750, 1.47
5, 11800, 1.50
5, 11850, 1.49
5, 11900, 1.49
5, 11950, 1.47
5, 12000, 1.52
5, 12050, 1.49
5, 12100, 1.50
5, 12150, 1.49
5, 12200, 1.49
5, 12250, 1.49
5, 12300, 1.49
5, 12350, 1.50
5, 12400, 1.49
5, 12450, 1.49
5, 12500, 1.49
5, 12550, 1.49
5, 12600, 1.48
5, 12650, 1.48
5, 12700, 1.50
5, 12750, 1.49
5, 12800, 1.50
5, 12850, 1.50
5, 12900, 1.49
5, 12950, 1.49
5, 13000, 1.50
5, 13050, 1.48
5, 13100, 1.48
5, 13150, 1.48
5, 13200, 1.48
5, 13250, 1.47
5, 13300, 1.49
5, 13350, 1.48
6, 13400, 1.45
6, 13450, 1.47
6, 13500, 1.49
6, 13550, 1.47
6, 13600, 1.48
6, 13650, 1.47
6, 13700, 1.47
6, 13750, 1.47
6, 13800, 1.47
6, 13850, 1.50
6, 13900, 1.49
6, 13950, 1.47
6, 14000, 1.47
6, 14050, 1.46
6, 14100, 1.47
6, 14150, 1.49
6, 14200, 1.49
6, 14250, 1.48
6, 14300, 1.50
6, 14350, 1.46
6, 14400, 1.49
6, 14450, 1.48
6, 14500, 1.50
6, 14550, 1.49
6, 14600, 1.49
6, 14650, 1.50
6, 14700, 1.47
6, 14750, 1.48
6, 14800, 1.49
6, 14850, 1.45
6, 14900, 1.49
6, 14950, 1.49
6, 15000, 1.50
6, 15050, 1.48
6, 15100, 1.48
6, 15150, 1.48
6, 15200, 1.47
6, 15250, 1.47
6, 15300, 1.49
6, 15350, 1.48
6, 15400, 1.49
6, 15450, 1.49
6, 15500, 1.48
6, 15550, 1.49
6, 15600, 1.48
6, 15650, 1.50
6, 15700, 1.48
6, 15750, 1.47
6, 15800, 1.49
6, 15850, 1.48
6, 15900, 1.48
6, 15950, 1.50
6, 16000, 1.50
7, 16050, 1.48
7, 16100, 1.46
7, 16150, 1.48
7, 16200, 1.46
7, 16250, 1.48
7, 16300, 1.47
7, 16350, 1.49
7, 16400, 1.49
7, 16450, 1.48
7, 16500, 1.46
7, 16550, 1.46
7, 16600, 1.48
7, 16650, 1.47
7, 16700, 1.46
7, 16750, 1.48
7, 16800, 1.48
7, 16850, 1.47
7, 16900, 1.49
7, 16950, 1.46
7, 17000, 1.47
7, 17050, 1.46
7, 17100, 1.46
7, 17150, 1.48
7, 17200, 1.47
7, 17250, 1.48
7, 17300, 1.46
7, 17350, 1.47
7, 17400, 1.46
7, 17450, 1.46
7, 17500, 1.47
7, 17550, 1.47
7, 17600, 1.46
7, 17650, 1.48
7, 17700, 1.46
7, 17750, 1.49
7, 17800, 1.48
7, 17850, 1.50
7, 17900, 1.48
7, 17950, 1.49
7, 18000, 1.47
7, 18050, 1.46
7, 18100, 1.48
7, 18150, 1.48
7, 18200, 1.48
7, 18250, 1.48
7, 18300, 1.48
7, 18350, 1.48
7, 18400, 1.47
7, 18450, 1.47
7, 18500, 1.48
7, 18550, 1.50
7, 18600, 1.49
7, 18650, 1.48
8, 18700, 1.48
8, 18750, 1.46
8, 18800, 1.45
8, 18850, 1.46
8, 18900, 1.48
8, 18950, 1.46
8, 19000, 1.46
8, 19050, 1.48
8, 19100, 1.47
8, 19150, 1.48
8, 19200, 1.47
8, 19250, 1.45
8, 19300, 1.47
8, 19350, 1.45
8, 19400, 1.45
8, 19450, 1.48
8, 19500, 1.47
8, 19550, 1.47
8, 19600, 1.48
8, 19650, 1.47
8, 19700, 1.47
8, 19750, 1.49
8, 19800, 1.47
8, 19850, 1.47
8, 19900, 1.47
8, 19950, 1.46
8, 20000, 1.47
8, 20050, 1.48
8, 20100, 1.46
8, 20150, 1.46
8, 20200, 1.48
8, 20250, 1.47
8, 20300, 1.48
8, 20350, 1.46
8, 20400, 1.48
8, 20450, 1.49
8, 20500, 1.46
8, 20550, 1.47
8, 20600, 1.44
8, 20650, 1.45
8, 20700, 1.46
8, 20750, 1.47
8, 20800, 1.47
8, 20850, 1.46
8, 20900, 1.46
8, 20950, 1.48
8, 21000, 1.47
8, 21050, 1.49
8, 21100, 1.45
8, 21150, 1.47
8, 21200, 1.47
8, 21250, 1.49
8, 21300, 1.45
8, 21350, 1.47
9, 21400, 1.48
9, 21450, 1.50
9, 21500, 1.49
9, 21550, 1.45
9, 21600, 1.43
9, 21650, 1.47
9, 21700, 1.47
9, 21750, 1.46
9, 21800, 1.46
9, 21850, 1.47
9, 21900, 1.45
9, 21950, 1.45
9, 22000, 1.47
9, 22050, 1.48
9, 22100, 1.46
9, 22150, 1.45
9, 22200, 1.47
9, 22250, 1.45
9, 22300, 1.45
9, 22350, 1.49
9, 22400, 1.45
9, 22450, 1.47
9, 22500, 1.48
9, 22550, 1.48
9, 22600, 1.47
9, 22650, 1.48
9, 22700, 1.48
9, 22750, 1.46
9, 22800, 1.45
9, 22850, 1.47
9, 22900, 1.46
9, 22950, 1.46
9, 23000, 1.48
9, 23050, 1.46
9, 23100, 1.46
9, 23150, 1.48
9, 23200, 1.49
9, 23250, 1.45
9, 23300, 1.46
9, 23350, 1.46
9, 23400, 1.45
9, 23450, 1.46
9, 23500, 1.46
9, 23550, 1.47
9, 23600, 1.46
9, 23650, 1.48
9, 23700, 1.47
9, 23750, 1.47
9, 23800, 1.45
9, 23850, 1.47
9, 23900, 1.48
9, 23950, 1.46
9, 24000, 1.48
10, 24050, 1.48
10, 24100, 1.47
10, 24150, 1.46
10, 24200, 1.48
10, 24250, 1.45
10, 24300, 1.47
10, 24350, 1.45
10, 24400, 1.48
10, 24450, 1.44
10, 24500, 1.48
10, 24550, 1.45
10, 24600, 1.46
10, 24650, 1.49
10, 24700, 1.48
10, 24750, 1.48
10, 24800, 1.48
10, 24850, 1.46
10, 24900, 1.44
10, 24950, 1.46
10, 25000, 1.48
10, 25050, 1.45
10, 25100, 1.46
10, 25150, 1.47
10, 25200, 1.44
10, 25250, 1.47
10, 25300, 1.47
10, 25350, 1.47
10, 25400, 1.47
10, 25450, 1.48
10, 25500, 1.46
10, 25550, 1.44
10, 25600, 1.46
10, 25650, 1.46
10, 25700, 1.49
10, 25750, 1.48
10, 25800, 1.46
