#args_tuples: [('--train-src', None), ('--dev-perct', '1.0'), ('test', False), ('--dev-src', None), ('--max-num-trial', '5'), ('--train-tgt', None), ('--num-classes', '5'), ('MODEL_PATH', None), ('--save-to', 'model.bin'), ('--sample-size', '5'), ('--cuda', True), ('--seed', '0'), ('--dropout', '0.3'), ('--clip-grad', '5.0'), ('--data-aug-amount', '0.01'), ('--train-perct', '1.0'), ('--help', False), ('--valid-niter', '200'), ('train', True), ('--hidden-size', '20'), ('--max-epoch', '1000'), ('--batch-size', '32'), ('--max-decoding-time-step', '70'), ('--patience', '10'), ('--input-feed', False), ('--data-aug', '"None"'), ('--data-aug-nx', '4'), ('--lr', '0.001'), ('--embed-size', '50'), ('--lr-decay', '0.5'), ('--dev-tgt', None), ('--uniform-init', '0.1'), ('--log-every', '50'), ('--beam-size', '5')]
#--train-src: None
#--dev-perct: 1.0
#test: False
#--dev-src: None
#--max-num-trial: 5
#--train-tgt: None
#--num-classes: 5
#MODEL_PATH: None
#--save-to: model.bin
#--sample-size: 5
#--cuda: True
#--seed: 0
#--dropout: 0.3
#--clip-grad: 5.0
#--data-aug-amount: 0.01
#--train-perct: 1.0
#--help: False
#--valid-niter: 200
#train: True
#--hidden-size: 20
#--max-epoch: 1000
#--batch-size: 32
#--max-decoding-time-step: 70
#--patience: 10
#--input-feed: False
#--data-aug: "None"
#--data-aug-nx: 4
#--lr: 0.001
#--embed-size: 50
#--lr-decay: 0.5
#--dev-tgt: None
#--uniform-init: 0.1
#--log-every: 50
#--beam-size: 5
#epoch, train iter, train score
1, 50, 1.60
1, 100, 1.57
1, 150, 1.57
1, 200, 1.56
1, 250, 1.52
2, 300, 1.51
2, 350, 1.49
2, 400, 1.50
2, 450, 1.48
2, 500, 1.49
3, 550, 1.49
3, 600, 1.47
3, 650, 1.47
3, 700, 1.45
3, 750, 1.47
3, 800, 1.47
4, 850, 1.45
4, 900, 1.44
4, 950, 1.45
4, 1000, 1.45
4, 1050, 1.46
5, 1100, 1.45
5, 1150, 1.42
5, 1200, 1.43
5, 1250, 1.44
5, 1300, 1.44
6, 1350, 1.44
6, 1400, 1.43
6, 1450, 1.43
6, 1500, 1.44
6, 1550, 1.44
6, 1600, 1.42
7, 1650, 1.43
7, 1700, 1.43
7, 1750, 1.42
7, 1800, 1.41
7, 1850, 1.40
8, 1900, 1.40
8, 1950, 1.41
8, 2000, 1.40
8, 2050, 1.44
8, 2100, 1.41
9, 2150, 1.40
9, 2200, 1.40
9, 2250, 1.43
9, 2300, 1.42
9, 2350, 1.42
9, 2400, 1.40
10, 2450, 1.39
10, 2500, 1.41
10, 2550, 1.41
10, 2600, 1.37
10, 2650, 1.40
11, 2700, 1.38
11, 2750, 1.40
11, 2800, 1.36
11, 2850, 1.41
11, 2900, 1.38
12, 2950, 1.38
12, 3000, 1.39
12, 3050, 1.36
12, 3100, 1.41
12, 3150, 1.35
12, 3200, 1.38
13, 3250, 1.34
13, 3300, 1.37
13, 3350, 1.38
13, 3400, 1.39
13, 3450, 1.36
14, 3500, 1.37
14, 3550, 1.36
14, 3600, 1.37
14, 3650, 1.36
14, 3700, 1.36
15, 3750, 1.38
15, 3800, 1.37
15, 3850, 1.37
15, 3900, 1.33
15, 3950, 1.35
15, 4000, 1.37
16, 4050, 1.34
16, 4100, 1.32
16, 4150, 1.36
16, 4200, 1.37
16, 4250, 1.35
17, 4300, 1.35
17, 4350, 1.33
17, 4400, 1.36
17, 4450, 1.36
17, 4500, 1.35
18, 4550, 1.34
18, 4600, 1.33
18, 4650, 1.34
18, 4700, 1.36
18, 4750, 1.35
18, 4800, 1.35
19, 4850, 1.34
19, 4900, 1.29
19, 4950, 1.31
19, 5000, 1.34
19, 5050, 1.33
20, 5100, 1.32
20, 5150, 1.33
20, 5200, 1.33
20, 5250, 1.32
20, 5300, 1.31
21, 5350, 1.31
21, 5400, 1.31
21, 5450, 1.29
21, 5500, 1.32
21, 5550, 1.30
21, 5600, 1.31
22, 5650, 1.31
22, 5700, 1.30
22, 5750, 1.26
22, 5800, 1.32
22, 5850, 1.31
23, 5900, 1.28
23, 5950, 1.28
23, 6000, 1.28
23, 6050, 1.29
23, 6100, 1.31
24, 6150, 1.29
24, 6200, 1.28
24, 6250, 1.29
24, 6300, 1.28
24, 6350, 1.28
24, 6400, 1.32
25, 6450, 1.25
25, 6500, 1.28
25, 6550, 1.26
25, 6600, 1.25
25, 6650, 1.28
26, 6700, 1.28
26, 6750, 1.25
26, 6800, 1.27
26, 6850, 1.31
26, 6900, 1.31
27, 6950, 1.30
27, 7000, 1.29
27, 7050, 1.33
27, 7100, 1.32
27, 7150, 1.33
27, 7200, 1.31
28, 7250, 1.29
28, 7300, 1.33
28, 7350, 1.29
28, 7400, 1.33
28, 7450, 1.32
29, 7500, 1.28
29, 7550, 1.30
29, 7600, 1.31
29, 7650, 1.31
29, 7700, 1.29
30, 7750, 1.29
30, 7800, 1.28
30, 7850, 1.32
30, 7900, 1.33
30, 7950, 1.30
30, 8000, 1.30
31, 8050, 1.26
31, 8100, 1.32
31, 8150, 1.30
31, 8200, 1.28
31, 8250, 1.29
32, 8300, 1.30
32, 8350, 1.27
32, 8400, 1.29
32, 8450, 1.26
32, 8500, 1.30
33, 8550, 1.30
33, 8600, 1.28
33, 8650, 1.26
33, 8700, 1.30
33, 8750, 1.28
33, 8800, 1.31
34, 8850, 1.29
34, 8900, 1.31
34, 8950, 1.33
34, 9000, 1.31
34, 9050, 1.30
35, 9100, 1.31
35, 9150, 1.32
35, 9200, 1.30
35, 9250, 1.29
35, 9300, 1.32
36, 9350, 1.32
36, 9400, 1.30
36, 9450, 1.32
36, 9500, 1.34
36, 9550, 1.28
36, 9600, 1.30
37, 9650, 1.29
37, 9700, 1.28
37, 9750, 1.31
37, 9800, 1.28
37, 9850, 1.32
38, 9900, 1.27
38, 9950, 1.28
38, 10000, 1.29
38, 10050, 1.30
38, 10100, 1.29
39, 10150, 1.31
39, 10200, 1.27
39, 10250, 1.31
39, 10300, 1.28
39, 10350, 1.31
39, 10400, 1.32
40, 10450, 1.27
40, 10500, 1.31
40, 10550, 1.28
40, 10600, 1.31
40, 10650, 1.30
41, 10700, 1.26
41, 10750, 1.29
41, 10800, 1.30
41, 10850, 1.30
41, 10900, 1.30
42, 10950, 1.27
42, 11000, 1.28
42, 11050, 1.31
42, 11100, 1.31
42, 11150, 1.27
42, 11200, 1.28
43, 11250, 1.30
43, 11300, 1.29
43, 11350, 1.28
43, 11400, 1.30
43, 11450, 1.33
44, 11500, 1.31
44, 11550, 1.32
44, 11600, 1.31
44, 11650, 1.27
44, 11700, 1.30
45, 11750, 1.30
45, 11800, 1.32
45, 11850, 1.31
45, 11900, 1.30
45, 11950, 1.30
45, 12000, 1.29
46, 12050, 1.29
46, 12100, 1.30
46, 12150, 1.30
46, 12200, 1.30
46, 12250, 1.31
47, 12300, 1.29
47, 12350, 1.30
47, 12400, 1.29
47, 12450, 1.30
47, 12500, 1.30
48, 12550, 1.32
48, 12600, 1.28
48, 12650, 1.28
48, 12700, 1.29
48, 12750, 1.30
48, 12800, 1.32
49, 12850, 1.29
49, 12900, 1.29
49, 12950, 1.30
49, 13000, 1.29
49, 13050, 1.29
50, 13100, 1.29
50, 13150, 1.29
50, 13200, 1.31
50, 13250, 1.31
50, 13300, 1.30
50, 13350, 1.30
51, 13400, 1.31
51, 13450, 1.29
51, 13500, 1.29
51, 13550, 1.29
51, 13600, 1.30
52, 13650, 1.30
52, 13700, 1.30
52, 13750, 1.31
52, 13800, 1.31
52, 13850, 1.30
53, 13900, 1.30
53, 13950, 1.26
53, 14000, 1.31
53, 14050, 1.29
53, 14100, 1.31
53, 14150, 1.32
54, 14200, 1.31
54, 14250, 1.30
54, 14300, 1.29
54, 14350, 1.27
54, 14400, 1.30
55, 14450, 1.32
55, 14500, 1.29
55, 14550, 1.30
55, 14600, 1.28
55, 14650, 1.30
56, 14700, 1.29
56, 14750, 1.27
56, 14800, 1.31
56, 14850, 1.28
56, 14900, 1.32
56, 14950, 1.30
57, 15000, 1.31
57, 15050, 1.30
57, 15100, 1.29
57, 15150, 1.31
57, 15200, 1.31
