#args_tuples: [('train', True), ('--valid-niter', '200'), ('--max-epoch', '1000'), ('test', False), ('MODEL_PATH', None), ('--help', False), ('--lr', '0.001'), ('--data-aug-nx', '9'), ('--lr-decay', '0.5'), ('--seed', '0'), ('--input-feed', False), ('--sample-size', '5'), ('--batch-size', '32'), ('--train-src', None), ('--log-every', '50'), ('--num-classes', '5'), ('--dev-tgt', None), ('--beam-size', '5'), ('--data-aug', 'gaussian'), ('--save-to', 'model.bin'), ('--dropout', '0.3'), ('--dev-src', None), ('--hidden-size', '20'), ('--train-tgt', None), ('--max-decoding-time-step', '70'), ('--max-num-trial', '5'), ('--patience', '10'), ('--cuda', True), ('--embed-size', '50'), ('--train-perct', '1.0'), ('--dev-perct', '1.0'), ('--clip-grad', '5.0'), ('--data-aug-amount', '0.2'), ('--uniform-init', '0.1')]
#train: True
#--valid-niter: 200
#--max-epoch: 1000
#test: False
#MODEL_PATH: None
#--help: False
#--lr: 0.001
#--data-aug-nx: 9
#--lr-decay: 0.5
#--seed: 0
#--input-feed: False
#--sample-size: 5
#--batch-size: 32
#--train-src: None
#--log-every: 50
#--num-classes: 5
#--dev-tgt: None
#--beam-size: 5
#--data-aug: gaussian
#--save-to: model.bin
#--dropout: 0.3
#--dev-src: None
#--hidden-size: 20
#--train-tgt: None
#--max-decoding-time-step: 70
#--max-num-trial: 5
#--patience: 10
#--cuda: True
#--embed-size: 50
#--train-perct: 1.0
#--dev-perct: 1.0
#--clip-grad: 5.0
#--data-aug-amount: 0.2
#--uniform-init: 0.1
#epoch, train iter, train score
1, 50, 1.60
1, 100, 1.57
1, 150, 1.57
1, 200, 1.57
1, 250, 1.54
1, 300, 1.53
1, 350, 1.51
1, 400, 1.50
1, 450, 1.51
1, 500, 1.50
1, 550, 1.48
1, 600, 1.48
1, 650, 1.47
1, 700, 1.47
1, 750, 1.46
1, 800, 1.47
1, 850, 1.46
1, 900, 1.46
1, 950, 1.47
1, 1000, 1.46
1, 1050, 1.47
1, 1100, 1.45
1, 1150, 1.45
1, 1200, 1.44
1, 1250, 1.44
1, 1300, 1.46
1, 1350, 1.47
1, 1400, 1.46
1, 1450, 1.43
1, 1500, 1.42
1, 1550, 1.43
1, 1600, 1.46
1, 1650, 1.44
1, 1700, 1.44
1, 1750, 1.43
1, 1800, 1.45
1, 1850, 1.43
1, 1900, 1.41
1, 1950, 1.44
1, 2000, 1.44
1, 2050, 1.44
1, 2100, 1.43
1, 2150, 1.42
1, 2200, 1.44
1, 2250, 1.45
1, 2300, 1.40
1, 2350, 1.43
1, 2400, 1.42
1, 2450, 1.44
1, 2500, 1.44
1, 2550, 1.45
1, 2600, 1.42
1, 2650, 1.42
2, 2700, 1.40
2, 2750, 1.41
2, 2800, 1.42
2, 2850, 1.41
2, 2900, 1.39
2, 2950, 1.41
2, 3000, 1.38
2, 3050, 1.40
2, 3100, 1.39
2, 3150, 1.39
2, 3200, 1.41
2, 3250, 1.39
2, 3300, 1.41
2, 3350, 1.41
2, 3400, 1.42
2, 3450, 1.38
2, 3500, 1.42
2, 3550, 1.38
2, 3600, 1.38
2, 3650, 1.41
2, 3700, 1.38
2, 3750, 1.37
2, 3800, 1.41
2, 3850, 1.40
2, 3900, 1.39
2, 3950, 1.38
2, 4000, 1.40
2, 4050, 1.39
2, 4100, 1.36
2, 4150, 1.37
2, 4200, 1.38
2, 4250, 1.38
2, 4300, 1.39
2, 4350, 1.38
2, 4400, 1.37
2, 4450, 1.39
2, 4500, 1.40
2, 4550, 1.38
2, 4600, 1.38
2, 4650, 1.36
2, 4700, 1.41
2, 4750, 1.38
2, 4800, 1.38
2, 4850, 1.40
2, 4900, 1.38
2, 4950, 1.39
2, 5000, 1.37
2, 5050, 1.34
2, 5100, 1.35
2, 5150, 1.35
2, 5200, 1.38
2, 5250, 1.36
2, 5300, 1.37
3, 5350, 1.36
3, 5400, 1.36
3, 5450, 1.35
3, 5500, 1.34
3, 5550, 1.36
3, 5600, 1.36
3, 5650, 1.35
3, 5700, 1.37
3, 5750, 1.37
3, 5800, 1.35
3, 5850, 1.34
3, 5900, 1.35
3, 5950, 1.35
3, 6000, 1.33
3, 6050, 1.34
3, 6100, 1.37
3, 6150, 1.34
3, 6200, 1.35
3, 6250, 1.33
3, 6300, 1.36
3, 6350, 1.35
3, 6400, 1.33
3, 6450, 1.35
3, 6500, 1.33
3, 6550, 1.35
3, 6600, 1.31
3, 6650, 1.34
3, 6700, 1.33
3, 6750, 1.34
3, 6800, 1.34
3, 6850, 1.32
3, 6900, 1.33
3, 6950, 1.35
3, 7000, 1.31
3, 7050, 1.35
3, 7100, 1.35
3, 7150, 1.36
3, 7200, 1.33
3, 7250, 1.37
3, 7300, 1.36
3, 7350, 1.36
3, 7400, 1.37
3, 7450, 1.36
3, 7500, 1.33
3, 7550, 1.34
3, 7600, 1.34
3, 7650, 1.34
3, 7700, 1.35
3, 7750, 1.34
3, 7800, 1.33
3, 7850, 1.35
3, 7900, 1.35
3, 7950, 1.34
3, 8000, 1.34
4, 8050, 1.34
4, 8100, 1.32
4, 8150, 1.33
4, 8200, 1.37
4, 8250, 1.35
4, 8300, 1.36
4, 8350, 1.34
4, 8400, 1.35
4, 8450, 1.33
4, 8500, 1.36
4, 8550, 1.32
4, 8600, 1.32
4, 8650, 1.36
4, 8700, 1.34
4, 8750, 1.34
4, 8800, 1.34
4, 8850, 1.34
4, 8900, 1.34
4, 8950, 1.33
4, 9000, 1.31
4, 9050, 1.34
4, 9100, 1.34
4, 9150, 1.33
4, 9200, 1.34
4, 9250, 1.31
4, 9300, 1.31
4, 9350, 1.35
4, 9400, 1.33
4, 9450, 1.33
4, 9500, 1.32
4, 9550, 1.33
4, 9600, 1.35
4, 9650, 1.34
4, 9700, 1.31
4, 9750, 1.31
4, 9800, 1.34
4, 9850, 1.33
4, 9900, 1.32
4, 9950, 1.34
4, 10000, 1.32
4, 10050, 1.31
4, 10100, 1.34
4, 10150, 1.30
4, 10200, 1.34
4, 10250, 1.32
4, 10300, 1.34
4, 10350, 1.34
4, 10400, 1.36
4, 10450, 1.35
4, 10500, 1.35
4, 10550, 1.32
4, 10600, 1.33
4, 10650, 1.34
5, 10700, 1.33
5, 10750, 1.34
5, 10800, 1.33
5, 10850, 1.33
5, 10900, 1.32
5, 10950, 1.34
5, 11000, 1.32
5, 11050, 1.35
5, 11100, 1.33
5, 11150, 1.33
5, 11200, 1.34
5, 11250, 1.33
5, 11300, 1.33
5, 11350, 1.35
5, 11400, 1.32
5, 11450, 1.34
5, 11500, 1.36
5, 11550, 1.33
5, 11600, 1.32
5, 11650, 1.31
5, 11700, 1.32
5, 11750, 1.30
5, 11800, 1.35
5, 11850, 1.33
5, 11900, 1.31
5, 11950, 1.31
5, 12000, 1.34
5, 12050, 1.32
5, 12100, 1.33
5, 12150, 1.33
5, 12200, 1.33
5, 12250, 1.33
5, 12300, 1.33
5, 12350, 1.35
5, 12400, 1.33
5, 12450, 1.34
5, 12500, 1.33
5, 12550, 1.33
5, 12600, 1.34
5, 12650, 1.31
5, 12700, 1.33
5, 12750, 1.34
5, 12800, 1.34
5, 12850, 1.34
5, 12900, 1.34
5, 12950, 1.33
5, 13000, 1.33
5, 13050, 1.31
5, 13100, 1.32
5, 13150, 1.32
5, 13200, 1.31
5, 13250, 1.30
5, 13300, 1.32
5, 13350, 1.33
6, 13400, 1.30
6, 13450, 1.31
6, 13500, 1.31
6, 13550, 1.32
6, 13600, 1.33
6, 13650, 1.32
6, 13700, 1.32
6, 13750, 1.30
6, 13800, 1.32
6, 13850, 1.35
6, 13900, 1.32
6, 13950, 1.31
6, 14000, 1.29
6, 14050, 1.33
6, 14100, 1.32
6, 14150, 1.33
6, 14200, 1.32
6, 14250, 1.31
6, 14300, 1.32
6, 14350, 1.31
6, 14400, 1.32
6, 14450, 1.33
6, 14500, 1.32
6, 14550, 1.33
6, 14600, 1.32
6, 14650, 1.35
6, 14700, 1.32
6, 14750, 1.33
6, 14800, 1.34
6, 14850, 1.30
6, 14900, 1.34
6, 14950, 1.31
6, 15000, 1.34
6, 15050, 1.31
6, 15100, 1.32
6, 15150, 1.32
6, 15200, 1.32
6, 15250, 1.30
6, 15300, 1.32
6, 15350, 1.34
6, 15400, 1.33
6, 15450, 1.33
6, 15500, 1.33
6, 15550, 1.33
6, 15600, 1.33
6, 15650, 1.32
6, 15700, 1.33
6, 15750, 1.32
6, 15800, 1.31
6, 15850, 1.31
6, 15900, 1.33
6, 15950, 1.33
6, 16000, 1.31
7, 16050, 1.32
7, 16100, 1.33
7, 16150, 1.36
7, 16200, 1.33
7, 16250, 1.36
7, 16300, 1.32
7, 16350, 1.33
7, 16400, 1.33
7, 16450, 1.33
7, 16500, 1.30
7, 16550, 1.32
7, 16600, 1.36
7, 16650, 1.30
7, 16700, 1.32
7, 16750, 1.31
7, 16800, 1.34
7, 16850, 1.36
7, 16900, 1.35
7, 16950, 1.31
7, 17000, 1.31
7, 17050, 1.32
7, 17100, 1.30
7, 17150, 1.32
7, 17200, 1.31
7, 17250, 1.33
7, 17300, 1.30
7, 17350, 1.35
7, 17400, 1.32
7, 17450, 1.31
7, 17500, 1.30
7, 17550, 1.31
7, 17600, 1.30
7, 17650, 1.34
7, 17700, 1.31
7, 17750, 1.33
7, 17800, 1.34
7, 17850, 1.33
7, 17900, 1.33
7, 17950, 1.31
7, 18000, 1.31
7, 18050, 1.31
7, 18100, 1.32
7, 18150, 1.33
7, 18200, 1.32
7, 18250, 1.30
7, 18300, 1.30
7, 18350, 1.32
7, 18400, 1.30
7, 18450, 1.30
7, 18500, 1.33
7, 18550, 1.35
7, 18600, 1.31
7, 18650, 1.32
8, 18700, 1.34
8, 18750, 1.31
8, 18800, 1.32
