#args_tuples: [('--help', False), ('--dropout', '0.3'), ('--batch-size', '32'), ('--max-num-trial', '5'), ('--clip-grad', '5.0'), ('--patience', '10'), ('MODEL_PATH', None), ('--max-epoch', '2500'), ('--data-aug-nx', '4'), ('train', True), ('--hidden-size', '20'), ('--lr-decay', '0.5'), ('--cuda', True), ('--dev-perct', '1.0'), ('--lr', '0.001'), ('--valid-niter', '200'), ('--train-perct', '1.0'), ('test', False), ('--data-aug-amount', '0.01'), ('--num-classes', '5'), ('--uniform-init', '0.1'), ('--seed', '1'), ('--embed-size', '50'), ('--save-to', 'model.bin'), ('--data-aug', '"None"'), ('--log-every', '50')]
#--help: False
#--dropout: 0.3
#--batch-size: 32
#--max-num-trial: 5
#--clip-grad: 5.0
#--patience: 10
#MODEL_PATH: None
#--max-epoch: 2500
#--data-aug-nx: 4
#train: True
#--hidden-size: 20
#--lr-decay: 0.5
#--cuda: True
#--dev-perct: 1.0
#--lr: 0.001
#--valid-niter: 200
#--train-perct: 1.0
#test: False
#--data-aug-amount: 0.01
#--num-classes: 5
#--uniform-init: 0.1
#--seed: 1
#--embed-size: 50
#--save-to: model.bin
#--data-aug: "None"
#--log-every: 50
#epoch, train iter, train score
1, 50, 1.60
1, 100, 1.58
1, 150, 1.57
1, 200, 1.54
1, 250, 1.52
2, 300, 1.51
2, 350, 1.50
2, 400, 1.51
2, 450, 1.49
2, 500, 1.48
3, 550, 1.48
3, 600, 1.46
3, 650, 1.47
3, 700, 1.47
3, 750, 1.46
3, 800, 1.45
4, 850, 1.45
4, 900, 1.44
4, 950, 1.44
4, 1000, 1.45
4, 1050, 1.46
5, 1100, 1.45
5, 1150, 1.46
5, 1200, 1.42
5, 1250, 1.42
5, 1300, 1.45
6, 1350, 1.43
6, 1400, 1.45
6, 1450, 1.42
6, 1500, 1.45
6, 1550, 1.40
6, 1600, 1.44
7, 1650, 1.42
7, 1700, 1.43
7, 1750, 1.42
7, 1800, 1.40
7, 1850, 1.42
8, 1900, 1.41
8, 1950, 1.41
8, 2000, 1.41
8, 2050, 1.41
8, 2100, 1.42
9, 2150, 1.40
9, 2200, 1.39
9, 2250, 1.39
9, 2300, 1.40
9, 2350, 1.41
9, 2400, 1.40
10, 2450, 1.40
10, 2500, 1.39
10, 2550, 1.38
10, 2600, 1.38
10, 2650, 1.40
11, 2700, 1.41
11, 2750, 1.36
11, 2800, 1.40
11, 2850, 1.39
11, 2900, 1.38
12, 2950, 1.39
12, 3000, 1.38
12, 3050, 1.39
12, 3100, 1.39
12, 3150, 1.38
12, 3200, 1.37
13, 3250, 1.38
13, 3300, 1.36
13, 3350, 1.36
13, 3400, 1.35
13, 3450, 1.39
14, 3500, 1.36
14, 3550, 1.35
14, 3600, 1.32
14, 3650, 1.34
14, 3700, 1.36
15, 3750, 1.38
15, 3800, 1.35
15, 3850, 1.36
15, 3900, 1.35
15, 3950, 1.35
15, 4000, 1.34
16, 4050, 1.30
16, 4100, 1.35
16, 4150, 1.35
16, 4200, 1.32
16, 4250, 1.35
17, 4300, 1.33
17, 4350, 1.32
17, 4400, 1.36
17, 4450, 1.34
17, 4500, 1.31
18, 4550, 1.35
18, 4600, 1.34
18, 4650, 1.34
18, 4700, 1.32
18, 4750, 1.32
18, 4800, 1.34
19, 4850, 1.32
19, 4900, 1.33
19, 4950, 1.31
19, 5000, 1.35
19, 5050, 1.31
20, 5100, 1.31
20, 5150, 1.31
20, 5200, 1.31
20, 5250, 1.33
20, 5300, 1.32
21, 5350, 1.29
21, 5400, 1.29
21, 5450, 1.31
21, 5500, 1.32
21, 5550, 1.30
21, 5600, 1.29
22, 5650, 1.31
22, 5700, 1.33
22, 5750, 1.28
22, 5800, 1.29
22, 5850, 1.29
23, 5900, 1.28
23, 5950, 1.28
23, 6000, 1.26
23, 6050, 1.36
23, 6100, 1.34
24, 6150, 1.33
24, 6200, 1.31
24, 6250, 1.36
24, 6300, 1.35
24, 6350, 1.32
24, 6400, 1.31
25, 6450, 1.34
25, 6500, 1.33
25, 6550, 1.32
25, 6600, 1.31
25, 6650, 1.32
26, 6700, 1.33
26, 6750, 1.33
26, 6800, 1.33
26, 6850, 1.34
26, 6900, 1.30
27, 6950, 1.35
27, 7000, 1.34
27, 7050, 1.32
27, 7100, 1.32
27, 7150, 1.32
27, 7200, 1.31
28, 7250, 1.32
28, 7300, 1.34
28, 7350, 1.32
28, 7400, 1.31
28, 7450, 1.31
29, 7500, 1.32
29, 7550, 1.31
29, 7600, 1.29
29, 7650, 1.30
29, 7700, 1.29
30, 7750, 1.30
30, 7800, 1.30
30, 7850, 1.31
30, 7900, 1.31
30, 7950, 1.30
30, 8000, 1.29
31, 8050, 1.27
31, 8100, 1.29
31, 8150, 1.28
31, 8200, 1.30
31, 8250, 1.33
32, 8300, 1.34
32, 8350, 1.33
32, 8400, 1.33
32, 8450, 1.30
32, 8500, 1.35
33, 8550, 1.33
33, 8600, 1.33
33, 8650, 1.32
33, 8700, 1.30
33, 8750, 1.33
33, 8800, 1.32
34, 8850, 1.34
34, 8900, 1.30
34, 8950, 1.32
34, 9000, 1.32
34, 9050, 1.31
35, 9100, 1.32
35, 9150, 1.28
35, 9200, 1.31
35, 9250, 1.32
35, 9300, 1.32
36, 9350, 1.31
36, 9400, 1.33
36, 9450, 1.31
36, 9500, 1.30
36, 9550, 1.30
36, 9600, 1.33
37, 9650, 1.34
37, 9700, 1.32
37, 9750, 1.33
37, 9800, 1.29
37, 9850, 1.30
38, 9900, 1.31
38, 9950, 1.33
38, 10000, 1.32
38, 10050, 1.31
38, 10100, 1.29
39, 10150, 1.32
39, 10200, 1.30
39, 10250, 1.33
39, 10300, 1.33
39, 10350, 1.34
39, 10400, 1.33
40, 10450, 1.32
40, 10500, 1.32
40, 10550, 1.32
40, 10600, 1.33
40, 10650, 1.34
41, 10700, 1.35
41, 10750, 1.34
41, 10800, 1.29
41, 10850, 1.31
41, 10900, 1.32
42, 10950, 1.35
42, 11000, 1.29
42, 11050, 1.33
42, 11100, 1.34
42, 11150, 1.29
42, 11200, 1.32
43, 11250, 1.33
43, 11300, 1.33
43, 11350, 1.31
43, 11400, 1.34
43, 11450, 1.30
44, 11500, 1.33
44, 11550, 1.30
44, 11600, 1.34
44, 11650, 1.30
44, 11700, 1.30
45, 11750, 1.32
45, 11800, 1.33
45, 11850, 1.34
45, 11900, 1.32
45, 11950, 1.32
45, 12000, 1.29
46, 12050, 1.32
46, 12100, 1.31
46, 12150, 1.29
46, 12200, 1.32
46, 12250, 1.32
47, 12300, 1.34
47, 12350, 1.29
47, 12400, 1.30
47, 12450, 1.33
47, 12500, 1.33
48, 12550, 1.32
48, 12600, 1.32
48, 12650, 1.33
48, 12700, 1.34
48, 12750, 1.30
48, 12800, 1.30
49, 12850, 1.32
49, 12900, 1.31
49, 12950, 1.32
49, 13000, 1.33
49, 13050, 1.31
50, 13100, 1.33
50, 13150, 1.32
50, 13200, 1.34
50, 13250, 1.32
50, 13300, 1.30
50, 13350, 1.31
51, 13400, 1.33
51, 13450, 1.32
51, 13500, 1.32
51, 13550, 1.33
51, 13600, 1.28
52, 13650, 1.32
52, 13700, 1.33
52, 13750, 1.32
52, 13800, 1.31
52, 13850, 1.30
53, 13900, 1.30
53, 13950, 1.32
53, 14000, 1.32
53, 14050, 1.32
53, 14100, 1.33
53, 14150, 1.31
54, 14200, 1.35
54, 14250, 1.32
54, 14300, 1.31
54, 14350, 1.31
54, 14400, 1.30
55, 14450, 1.30
55, 14500, 1.28
55, 14550, 1.33
55, 14600, 1.34
55, 14650, 1.31
56, 14700, 1.31
56, 14750, 1.30
56, 14800, 1.31
